Johan Buddenbrook,Johan Buddenbrook,true,"Adding 'Johan Buddenbrook' to parents list of 'Johan Buddenbrook' should  fail
because Persons are equal."
Alien Alien,Johan Buddenbrook,false,"Adding 'Alien Alien' to parents list of 'Johan Buddenbrook' should NOT fail
because Aspirant is alien"
Johann Buddenbrook,Johan Buddenbrook,true,"Adding 'Johann Buddenbrook' to parents list of 'Johan Buddenbrook' should  fail
because Johann Buddenbrook is already child of Johan Buddenbrook"
Johann Buddenbrook,Johan Buddenbrook,true,"Adding 'Johann Buddenbrook' to parents list of 'Johan Buddenbrook' should  fail
because Johann Buddenbrook is in children's line of Johan Buddenbrook"
Bernhard Buddenbrook,Johan Buddenbrook,true,"Adding 'Bernhard Buddenbrook' to parents list of 'Johan Buddenbrook' should  fail
because Bernhard Buddenbrook is already child of Johan Buddenbrook"
Bernhard Buddenbrook,Johan Buddenbrook,true,"Adding 'Bernhard Buddenbrook' to parents list of 'Johan Buddenbrook' should  fail
because Bernhard Buddenbrook is in children's line of Johan Buddenbrook"
Gotthold Buddenbrook,Johan Buddenbrook,true,"Adding 'Gotthold Buddenbrook' to parents list of 'Johan Buddenbrook' should  fail
because Gotthold Buddenbrook is in children's line of Johan Buddenbrook"
Frederike Buddenbrook,Johan Buddenbrook,true,"Adding 'Frederike Buddenbrook' to parents list of 'Johan Buddenbrook' should  fail
because Frederike Buddenbrook is in children's line of Johan Buddenbrook"
Henriette Buddenbrook,Johan Buddenbrook,true,"Adding 'Henriette Buddenbrook' to parents list of 'Johan Buddenbrook' should  fail
because Henriette Buddenbrook is in children's line of Johan Buddenbrook"
Pfiffi Buddenbrook,Johan Buddenbrook,true,"Adding 'Pfiffi Buddenbrook' to parents list of 'Johan Buddenbrook' should  fail
because Pfiffi Buddenbrook is in children's line of Johan Buddenbrook"
Olly Buddenbrook,Johan Buddenbrook,true,"Adding 'Olly Buddenbrook' to parents list of 'Johan Buddenbrook' should  fail
because Olly Buddenbrook is in children's line of Johan Buddenbrook"
Johann (Jean) Buddenbrook,Johan Buddenbrook,true,"Adding 'Johann (Jean) Buddenbrook' to parents list of 'Johan Buddenbrook' should  fail
because Johann (Jean) Buddenbrook is in children's line of Johan Buddenbrook"
Klothilde Buddenbrook,Johan Buddenbrook,true,"Adding 'Klothilde Buddenbrook' to parents list of 'Johan Buddenbrook' should  fail
because Klothilde Buddenbrook is in children's line of Johan Buddenbrook"
Thomas Buddenbrook,Johan Buddenbrook,true,"Adding 'Thomas Buddenbrook' to parents list of 'Johan Buddenbrook' should  fail
because Thomas Buddenbrook is in children's line of Johan Buddenbrook"
Antonie (Tony) Buddenbrook,Johan Buddenbrook,true,"Adding 'Antonie (Tony) Buddenbrook' to parents list of 'Johan Buddenbrook' should  fail
because Antonie (Tony) Buddenbrook is in children's line of Johan Buddenbrook"
Christian Buddenbrook,Johan Buddenbrook,true,"Adding 'Christian Buddenbrook' to parents list of 'Johan Buddenbrook' should  fail
because Christian Buddenbrook is in children's line of Johan Buddenbrook"
Clara Buddenbrook,Johan Buddenbrook,true,"Adding 'Clara Buddenbrook' to parents list of 'Johan Buddenbrook' should  fail
because Clara Buddenbrook is in children's line of Johan Buddenbrook"
Hanno Buddenbrook,Johan Buddenbrook,true,"Adding 'Hanno Buddenbrook' to parents list of 'Johan Buddenbrook' should  fail
because Hanno Buddenbrook is in children's line of Johan Buddenbrook"
Erika Gruenlich,Johan Buddenbrook,true,"Adding 'Erika Gruenlich' to parents list of 'Johan Buddenbrook' should  fail
because Erika Gruenlich is in children's line of Johan Buddenbrook"
Elisabeth Weinschenk,Johan Buddenbrook,true,"Adding 'Elisabeth Weinschenk' to parents list of 'Johan Buddenbrook' should  fail
because Elisabeth Weinschenk is in children's line of Johan Buddenbrook"
Gisela Buddenbrook,Johan Buddenbrook,true,"Adding 'Gisela Buddenbrook' to parents list of 'Johan Buddenbrook' should  fail
because Gisela Buddenbrook is in children's line of Johan Buddenbrook"
Alien Alien,Alien Alien,true,"Adding 'Alien Alien' to parents list of 'Alien Alien' should  fail
because Persons are equal."
Johan Buddenbrook,Johann Buddenbrook,true,"Adding 'Johan Buddenbrook' to parents list of 'Johann Buddenbrook' should  fail
because Johan Buddenbrook is already parent of Johann Buddenbrook"
Johan Buddenbrook,Johann Buddenbrook,true,"Adding 'Johan Buddenbrook' to parents list of 'Johann Buddenbrook' should  fail
because Johan Buddenbrook is in parental line of Johann Buddenbrook"
Alien Alien,Johann Buddenbrook,false,"Adding 'Alien Alien' to parents list of 'Johann Buddenbrook' should NOT fail
because Aspirant is alien"
Johann Buddenbrook,Johann Buddenbrook,true,"Adding 'Johann Buddenbrook' to parents list of 'Johann Buddenbrook' should  fail
because Persons are equal."
Johann Buddenbrook,Johann Buddenbrook,true,"Adding 'Johann Buddenbrook' to parents list of 'Johann Buddenbrook' should  fail
because Johann Buddenbrook is already sibling of Johann Buddenbrook"
Bernhard Buddenbrook,Johann Buddenbrook,true,"Adding 'Bernhard Buddenbrook' to parents list of 'Johann Buddenbrook' should  fail
because Bernhard Buddenbrook is already sibling of Johann Buddenbrook"
Josephine Buddenbrook,Johann Buddenbrook,true,"Adding 'Josephine Buddenbrook' to parents list of 'Johann Buddenbrook' should  fail
because Josephine Buddenbrook is already spouse of Johann Buddenbrook"
Antoinette Duchamps,Johann Buddenbrook,true,"Adding 'Antoinette Duchamps' to parents list of 'Johann Buddenbrook' should  fail
because Antoinette Duchamps is already spouse of Johann Buddenbrook"
Gotthold Buddenbrook,Johann Buddenbrook,true,"Adding 'Gotthold Buddenbrook' to parents list of 'Johann Buddenbrook' should  fail
because Gotthold Buddenbrook is younger than Johann Buddenbrook"
Gotthold Buddenbrook,Johann Buddenbrook,true,"Adding 'Gotthold Buddenbrook' to parents list of 'Johann Buddenbrook' should  fail
because Gotthold Buddenbrook is already child of Johann Buddenbrook"
Gotthold Buddenbrook,Johann Buddenbrook,true,"Adding 'Gotthold Buddenbrook' to parents list of 'Johann Buddenbrook' should  fail
because Gotthold Buddenbrook is in children's line of Johann Buddenbrook"
Rosalie Stuewing,Johann Buddenbrook,true,"Adding 'Rosalie Stuewing' to parents list of 'Johann Buddenbrook' should  fail
because Rosalie Stuewing is younger than Johann Buddenbrook"
Frederike Buddenbrook,Johann Buddenbrook,true,"Adding 'Frederike Buddenbrook' to parents list of 'Johann Buddenbrook' should  fail
because Frederike Buddenbrook is younger than Johann Buddenbrook"
Frederike Buddenbrook,Johann Buddenbrook,true,"Adding 'Frederike Buddenbrook' to parents list of 'Johann Buddenbrook' should  fail
because Frederike Buddenbrook is in children's line of Johann Buddenbrook"
Henriette Buddenbrook,Johann Buddenbrook,true,"Adding 'Henriette Buddenbrook' to parents list of 'Johann Buddenbrook' should  fail
because Henriette Buddenbrook is younger than Johann Buddenbrook"
Henriette Buddenbrook,Johann Buddenbrook,true,"Adding 'Henriette Buddenbrook' to parents list of 'Johann Buddenbrook' should  fail
because Henriette Buddenbrook is in children's line of Johann Buddenbrook"
Pfiffi Buddenbrook,Johann Buddenbrook,true,"Adding 'Pfiffi Buddenbrook' to parents list of 'Johann Buddenbrook' should  fail
because Pfiffi Buddenbrook is younger than Johann Buddenbrook"
Pfiffi Buddenbrook,Johann Buddenbrook,true,"Adding 'Pfiffi Buddenbrook' to parents list of 'Johann Buddenbrook' should  fail
because Pfiffi Buddenbrook is in children's line of Johann Buddenbrook"
Olly Buddenbrook,Johann Buddenbrook,true,"Adding 'Olly Buddenbrook' to parents list of 'Johann Buddenbrook' should  fail
because Olly Buddenbrook is already child of Johann Buddenbrook"
Olly Buddenbrook,Johann Buddenbrook,true,"Adding 'Olly Buddenbrook' to parents list of 'Johann Buddenbrook' should  fail
because Olly Buddenbrook is in children's line of Johann Buddenbrook"
Johann (Jean) Buddenbrook,Johann Buddenbrook,true,"Adding 'Johann (Jean) Buddenbrook' to parents list of 'Johann Buddenbrook' should  fail
because Johann (Jean) Buddenbrook is younger than Johann Buddenbrook"
Johann (Jean) Buddenbrook,Johann Buddenbrook,true,"Adding 'Johann (Jean) Buddenbrook' to parents list of 'Johann Buddenbrook' should  fail
because Johann (Jean) Buddenbrook is already child of Johann Buddenbrook"
Johann (Jean) Buddenbrook,Johann Buddenbrook,true,"Adding 'Johann (Jean) Buddenbrook' to parents list of 'Johann Buddenbrook' should  fail
because Johann (Jean) Buddenbrook is in children's line of Johann Buddenbrook"
Klothilde Buddenbrook,Johann Buddenbrook,true,"Adding 'Klothilde Buddenbrook' to parents list of 'Johann Buddenbrook' should  fail
because Klothilde Buddenbrook is younger than Johann Buddenbrook"
Thomas Buddenbrook,Johann Buddenbrook,true,"Adding 'Thomas Buddenbrook' to parents list of 'Johann Buddenbrook' should  fail
because Thomas Buddenbrook is younger than Johann Buddenbrook"
Thomas Buddenbrook,Johann Buddenbrook,true,"Adding 'Thomas Buddenbrook' to parents list of 'Johann Buddenbrook' should  fail
because Thomas Buddenbrook is in children's line of Johann Buddenbrook"
Antonie (Tony) Buddenbrook,Johann Buddenbrook,true,"Adding 'Antonie (Tony) Buddenbrook' to parents list of 'Johann Buddenbrook' should  fail
because Antonie (Tony) Buddenbrook is younger than Johann Buddenbrook"
Antonie (Tony) Buddenbrook,Johann Buddenbrook,true,"Adding 'Antonie (Tony) Buddenbrook' to parents list of 'Johann Buddenbrook' should  fail
because Antonie (Tony) Buddenbrook is in children's line of Johann Buddenbrook"
Christian Buddenbrook,Johann Buddenbrook,true,"Adding 'Christian Buddenbrook' to parents list of 'Johann Buddenbrook' should  fail
because Christian Buddenbrook is younger than Johann Buddenbrook"
Christian Buddenbrook,Johann Buddenbrook,true,"Adding 'Christian Buddenbrook' to parents list of 'Johann Buddenbrook' should  fail
because Christian Buddenbrook is in children's line of Johann Buddenbrook"
Clara Buddenbrook,Johann Buddenbrook,true,"Adding 'Clara Buddenbrook' to parents list of 'Johann Buddenbrook' should  fail
because Clara Buddenbrook is younger than Johann Buddenbrook"
Clara Buddenbrook,Johann Buddenbrook,true,"Adding 'Clara Buddenbrook' to parents list of 'Johann Buddenbrook' should  fail
because Clara Buddenbrook is in children's line of Johann Buddenbrook"
Hanno Buddenbrook,Johann Buddenbrook,true,"Adding 'Hanno Buddenbrook' to parents list of 'Johann Buddenbrook' should  fail
because Hanno Buddenbrook is younger than Johann Buddenbrook"
Hanno Buddenbrook,Johann Buddenbrook,true,"Adding 'Hanno Buddenbrook' to parents list of 'Johann Buddenbrook' should  fail
because Hanno Buddenbrook is in children's line of Johann Buddenbrook"
Erika Gruenlich,Johann Buddenbrook,true,"Adding 'Erika Gruenlich' to parents list of 'Johann Buddenbrook' should  fail
because Erika Gruenlich is younger than Johann Buddenbrook"
Erika Gruenlich,Johann Buddenbrook,true,"Adding 'Erika Gruenlich' to parents list of 'Johann Buddenbrook' should  fail
because Erika Gruenlich is in children's line of Johann Buddenbrook"
Elisabeth Weinschenk,Johann Buddenbrook,true,"Adding 'Elisabeth Weinschenk' to parents list of 'Johann Buddenbrook' should  fail
because Elisabeth Weinschenk is in children's line of Johann Buddenbrook"
Gisela Buddenbrook,Johann Buddenbrook,true,"Adding 'Gisela Buddenbrook' to parents list of 'Johann Buddenbrook' should  fail
because Gisela Buddenbrook is younger than Johann Buddenbrook"
Gisela Buddenbrook,Johann Buddenbrook,true,"Adding 'Gisela Buddenbrook' to parents list of 'Johann Buddenbrook' should  fail
because Gisela Buddenbrook is in children's line of Johann Buddenbrook"
Gerda Arnoldsen,Johann Buddenbrook,true,"Adding 'Gerda Arnoldsen' to parents list of 'Johann Buddenbrook' should  fail
because Gerda Arnoldsen is younger than Johann Buddenbrook"
Sievert Tiburtius,Johann Buddenbrook,true,"Adding 'Sievert Tiburtius' to parents list of 'Johann Buddenbrook' should  fail
because Sievert Tiburtius is younger than Johann Buddenbrook"
Leberecht Kroeger,Johann Buddenbrook,true,"Adding 'Leberecht Kroeger' to parents list of 'Johann Buddenbrook' should  fail
because Leberecht Kroeger is younger than Johann Buddenbrook"
Elisabeth (Bethsy) Kroeger,Johann Buddenbrook,true,"Adding 'Elisabeth (Bethsy) Kroeger' to parents list of 'Johann Buddenbrook' should  fail
because Elisabeth (Bethsy) Kroeger is younger than Johann Buddenbrook"
Justus Kroeger,Johann Buddenbrook,true,"Adding 'Justus Kroeger' to parents list of 'Johann Buddenbrook' should  fail
because Justus Kroeger is younger than Johann Buddenbrook"
Jakob Kroeger,Johann Buddenbrook,true,"Adding 'Jakob Kroeger' to parents list of 'Johann Buddenbrook' should  fail
because Jakob Kroeger is younger than Johann Buddenbrook"
Juergen Kroeger,Johann Buddenbrook,true,"Adding 'Juergen Kroeger' to parents list of 'Johann Buddenbrook' should  fail
because Juergen Kroeger is younger than Johann Buddenbrook"
Johan Buddenbrook,Bernhard Buddenbrook,true,"Adding 'Johan Buddenbrook' to parents list of 'Bernhard Buddenbrook' should  fail
because Johan Buddenbrook is already parent of Bernhard Buddenbrook"
Johan Buddenbrook,Bernhard Buddenbrook,true,"Adding 'Johan Buddenbrook' to parents list of 'Bernhard Buddenbrook' should  fail
because Johan Buddenbrook is in parental line of Bernhard Buddenbrook"
Alien Alien,Bernhard Buddenbrook,false,"Adding 'Alien Alien' to parents list of 'Bernhard Buddenbrook' should NOT fail
because Aspirant is alien"
Johann Buddenbrook,Bernhard Buddenbrook,true,"Adding 'Johann Buddenbrook' to parents list of 'Bernhard Buddenbrook' should  fail
because Johann Buddenbrook is already sibling of Bernhard Buddenbrook"
Bernhard Buddenbrook,Bernhard Buddenbrook,true,"Adding 'Bernhard Buddenbrook' to parents list of 'Bernhard Buddenbrook' should  fail
because Persons are equal."
Bernhard Buddenbrook,Bernhard Buddenbrook,true,"Adding 'Bernhard Buddenbrook' to parents list of 'Bernhard Buddenbrook' should  fail
because Bernhard Buddenbrook is already sibling of Bernhard Buddenbrook"
Klothilde Buddenbrook,Bernhard Buddenbrook,true,"Adding 'Klothilde Buddenbrook' to parents list of 'Bernhard Buddenbrook' should  fail
because Klothilde Buddenbrook is already child of Bernhard Buddenbrook"
Klothilde Buddenbrook,Bernhard Buddenbrook,true,"Adding 'Klothilde Buddenbrook' to parents list of 'Bernhard Buddenbrook' should  fail
because Klothilde Buddenbrook is in children's line of Bernhard Buddenbrook"
Alien Alien,Josephine Buddenbrook,false,"Adding 'Alien Alien' to parents list of 'Josephine Buddenbrook' should NOT fail
because Aspirant is alien"
Johann Buddenbrook,Josephine Buddenbrook,true,"Adding 'Johann Buddenbrook' to parents list of 'Josephine Buddenbrook' should  fail
because Johann Buddenbrook is already spouse of Josephine Buddenbrook"
Josephine Buddenbrook,Josephine Buddenbrook,true,"Adding 'Josephine Buddenbrook' to parents list of 'Josephine Buddenbrook' should  fail
because Persons are equal."
Gotthold Buddenbrook,Josephine Buddenbrook,true,"Adding 'Gotthold Buddenbrook' to parents list of 'Josephine Buddenbrook' should  fail
because Gotthold Buddenbrook is already child of Josephine Buddenbrook"
Gotthold Buddenbrook,Josephine Buddenbrook,true,"Adding 'Gotthold Buddenbrook' to parents list of 'Josephine Buddenbrook' should  fail
because Gotthold Buddenbrook is in children's line of Josephine Buddenbrook"
Frederike Buddenbrook,Josephine Buddenbrook,true,"Adding 'Frederike Buddenbrook' to parents list of 'Josephine Buddenbrook' should  fail
because Frederike Buddenbrook is in children's line of Josephine Buddenbrook"
Henriette Buddenbrook,Josephine Buddenbrook,true,"Adding 'Henriette Buddenbrook' to parents list of 'Josephine Buddenbrook' should  fail
because Henriette Buddenbrook is in children's line of Josephine Buddenbrook"
Pfiffi Buddenbrook,Josephine Buddenbrook,true,"Adding 'Pfiffi Buddenbrook' to parents list of 'Josephine Buddenbrook' should  fail
because Pfiffi Buddenbrook is in children's line of Josephine Buddenbrook"
Alien Alien,Antoinette Duchamps,false,"Adding 'Alien Alien' to parents list of 'Antoinette Duchamps' should NOT fail
because Aspirant is alien"
Johann Buddenbrook,Antoinette Duchamps,true,"Adding 'Johann Buddenbrook' to parents list of 'Antoinette Duchamps' should  fail
because Johann Buddenbrook is already spouse of Antoinette Duchamps"
Antoinette Duchamps,Antoinette Duchamps,true,"Adding 'Antoinette Duchamps' to parents list of 'Antoinette Duchamps' should  fail
because Persons are equal."
Olly Buddenbrook,Antoinette Duchamps,true,"Adding 'Olly Buddenbrook' to parents list of 'Antoinette Duchamps' should  fail
because Olly Buddenbrook is already child of Antoinette Duchamps"
Olly Buddenbrook,Antoinette Duchamps,true,"Adding 'Olly Buddenbrook' to parents list of 'Antoinette Duchamps' should  fail
because Olly Buddenbrook is in children's line of Antoinette Duchamps"
Johann (Jean) Buddenbrook,Antoinette Duchamps,true,"Adding 'Johann (Jean) Buddenbrook' to parents list of 'Antoinette Duchamps' should  fail
because Johann (Jean) Buddenbrook is already child of Antoinette Duchamps"
Johann (Jean) Buddenbrook,Antoinette Duchamps,true,"Adding 'Johann (Jean) Buddenbrook' to parents list of 'Antoinette Duchamps' should  fail
because Johann (Jean) Buddenbrook is in children's line of Antoinette Duchamps"
Thomas Buddenbrook,Antoinette Duchamps,true,"Adding 'Thomas Buddenbrook' to parents list of 'Antoinette Duchamps' should  fail
because Thomas Buddenbrook is in children's line of Antoinette Duchamps"
Antonie (Tony) Buddenbrook,Antoinette Duchamps,true,"Adding 'Antonie (Tony) Buddenbrook' to parents list of 'Antoinette Duchamps' should  fail
because Antonie (Tony) Buddenbrook is in children's line of Antoinette Duchamps"
Christian Buddenbrook,Antoinette Duchamps,true,"Adding 'Christian Buddenbrook' to parents list of 'Antoinette Duchamps' should  fail
because Christian Buddenbrook is in children's line of Antoinette Duchamps"
Clara Buddenbrook,Antoinette Duchamps,true,"Adding 'Clara Buddenbrook' to parents list of 'Antoinette Duchamps' should  fail
because Clara Buddenbrook is in children's line of Antoinette Duchamps"
Hanno Buddenbrook,Antoinette Duchamps,true,"Adding 'Hanno Buddenbrook' to parents list of 'Antoinette Duchamps' should  fail
because Hanno Buddenbrook is in children's line of Antoinette Duchamps"
Erika Gruenlich,Antoinette Duchamps,true,"Adding 'Erika Gruenlich' to parents list of 'Antoinette Duchamps' should  fail
because Erika Gruenlich is in children's line of Antoinette Duchamps"
Elisabeth Weinschenk,Antoinette Duchamps,true,"Adding 'Elisabeth Weinschenk' to parents list of 'Antoinette Duchamps' should  fail
because Elisabeth Weinschenk is in children's line of Antoinette Duchamps"
Gisela Buddenbrook,Antoinette Duchamps,true,"Adding 'Gisela Buddenbrook' to parents list of 'Antoinette Duchamps' should  fail
because Gisela Buddenbrook is in children's line of Antoinette Duchamps"
Johan Buddenbrook,Gotthold Buddenbrook,true,"Adding 'Johan Buddenbrook' to parents list of 'Gotthold Buddenbrook' should  fail
because Johan Buddenbrook is in parental line of Gotthold Buddenbrook"
Johan Buddenbrook,Gotthold Buddenbrook,true,"Adding 'Johan Buddenbrook' to parents list of 'Gotthold Buddenbrook' should  fail
because Gotthold Buddenbrook has already two other parents : [Josephine Buddenbrook, Johann Buddenbrook]"
Alien Alien,Gotthold Buddenbrook,true,"Adding 'Alien Alien' to parents list of 'Gotthold Buddenbrook' should  fail
because Gotthold Buddenbrook has already two other parents : [Josephine Buddenbrook, Johann Buddenbrook]"
Johann Buddenbrook,Gotthold Buddenbrook,true,"Adding 'Johann Buddenbrook' to parents list of 'Gotthold Buddenbrook' should  fail
because Johann Buddenbrook is already parent of Gotthold Buddenbrook"
Johann Buddenbrook,Gotthold Buddenbrook,true,"Adding 'Johann Buddenbrook' to parents list of 'Gotthold Buddenbrook' should  fail
because Johann Buddenbrook is in parental line of Gotthold Buddenbrook"
Johann Buddenbrook,Gotthold Buddenbrook,true,"Adding 'Johann Buddenbrook' to parents list of 'Gotthold Buddenbrook' should  fail
because Gotthold Buddenbrook has already two other parents : [Josephine Buddenbrook, Johann Buddenbrook]"
Bernhard Buddenbrook,Gotthold Buddenbrook,true,"Adding 'Bernhard Buddenbrook' to parents list of 'Gotthold Buddenbrook' should  fail
because Gotthold Buddenbrook has already two other parents : [Josephine Buddenbrook, Johann Buddenbrook]"
Josephine Buddenbrook,Gotthold Buddenbrook,true,"Adding 'Josephine Buddenbrook' to parents list of 'Gotthold Buddenbrook' should  fail
because Josephine Buddenbrook is already parent of Gotthold Buddenbrook"
Josephine Buddenbrook,Gotthold Buddenbrook,true,"Adding 'Josephine Buddenbrook' to parents list of 'Gotthold Buddenbrook' should  fail
because Josephine Buddenbrook is in parental line of Gotthold Buddenbrook"
Josephine Buddenbrook,Gotthold Buddenbrook,true,"Adding 'Josephine Buddenbrook' to parents list of 'Gotthold Buddenbrook' should  fail
because Gotthold Buddenbrook has already two other parents : [Josephine Buddenbrook, Johann Buddenbrook]"
Antoinette Duchamps,Gotthold Buddenbrook,true,"Adding 'Antoinette Duchamps' to parents list of 'Gotthold Buddenbrook' should  fail
because Gotthold Buddenbrook has already two other parents : [Josephine Buddenbrook, Johann Buddenbrook]"
Gotthold Buddenbrook,Gotthold Buddenbrook,true,"Adding 'Gotthold Buddenbrook' to parents list of 'Gotthold Buddenbrook' should  fail
because Persons are equal."
Gotthold Buddenbrook,Gotthold Buddenbrook,true,"Adding 'Gotthold Buddenbrook' to parents list of 'Gotthold Buddenbrook' should  fail
because Gotthold Buddenbrook is already sibling of Gotthold Buddenbrook"
Gotthold Buddenbrook,Gotthold Buddenbrook,true,"Adding 'Gotthold Buddenbrook' to parents list of 'Gotthold Buddenbrook' should  fail
because Gotthold Buddenbrook has already two other parents : [Josephine Buddenbrook, Johann Buddenbrook]"
Rosalie Stuewing,Gotthold Buddenbrook,true,"Adding 'Rosalie Stuewing' to parents list of 'Gotthold Buddenbrook' should  fail
because Rosalie Stuewing is already spouse of Gotthold Buddenbrook"
Rosalie Stuewing,Gotthold Buddenbrook,true,"Adding 'Rosalie Stuewing' to parents list of 'Gotthold Buddenbrook' should  fail
because Rosalie Stuewing is younger than Gotthold Buddenbrook"
Rosalie Stuewing,Gotthold Buddenbrook,true,"Adding 'Rosalie Stuewing' to parents list of 'Gotthold Buddenbrook' should  fail
because Gotthold Buddenbrook has already two other parents : [Josephine Buddenbrook, Johann Buddenbrook]"
Frederike Buddenbrook,Gotthold Buddenbrook,true,"Adding 'Frederike Buddenbrook' to parents list of 'Gotthold Buddenbrook' should  fail
because Frederike Buddenbrook is younger than Gotthold Buddenbrook"
Frederike Buddenbrook,Gotthold Buddenbrook,true,"Adding 'Frederike Buddenbrook' to parents list of 'Gotthold Buddenbrook' should  fail
because Frederike Buddenbrook is already child of Gotthold Buddenbrook"
Frederike Buddenbrook,Gotthold Buddenbrook,true,"Adding 'Frederike Buddenbrook' to parents list of 'Gotthold Buddenbrook' should  fail
because Frederike Buddenbrook is in children's line of Gotthold Buddenbrook"
Frederike Buddenbrook,Gotthold Buddenbrook,true,"Adding 'Frederike Buddenbrook' to parents list of 'Gotthold Buddenbrook' should  fail
because Gotthold Buddenbrook has already two other parents : [Josephine Buddenbrook, Johann Buddenbrook]"
Henriette Buddenbrook,Gotthold Buddenbrook,true,"Adding 'Henriette Buddenbrook' to parents list of 'Gotthold Buddenbrook' should  fail
because Henriette Buddenbrook is younger than Gotthold Buddenbrook"
Henriette Buddenbrook,Gotthold Buddenbrook,true,"Adding 'Henriette Buddenbrook' to parents list of 'Gotthold Buddenbrook' should  fail
because Henriette Buddenbrook is already child of Gotthold Buddenbrook"
Henriette Buddenbrook,Gotthold Buddenbrook,true,"Adding 'Henriette Buddenbrook' to parents list of 'Gotthold Buddenbrook' should  fail
because Henriette Buddenbrook is in children's line of Gotthold Buddenbrook"
Henriette Buddenbrook,Gotthold Buddenbrook,true,"Adding 'Henriette Buddenbrook' to parents list of 'Gotthold Buddenbrook' should  fail
because Gotthold Buddenbrook has already two other parents : [Josephine Buddenbrook, Johann Buddenbrook]"
Pfiffi Buddenbrook,Gotthold Buddenbrook,true,"Adding 'Pfiffi Buddenbrook' to parents list of 'Gotthold Buddenbrook' should  fail
because Pfiffi Buddenbrook is younger than Gotthold Buddenbrook"
Pfiffi Buddenbrook,Gotthold Buddenbrook,true,"Adding 'Pfiffi Buddenbrook' to parents list of 'Gotthold Buddenbrook' should  fail
because Pfiffi Buddenbrook is already child of Gotthold Buddenbrook"
Pfiffi Buddenbrook,Gotthold Buddenbrook,true,"Adding 'Pfiffi Buddenbrook' to parents list of 'Gotthold Buddenbrook' should  fail
because Pfiffi Buddenbrook is in children's line of Gotthold Buddenbrook"
Pfiffi Buddenbrook,Gotthold Buddenbrook,true,"Adding 'Pfiffi Buddenbrook' to parents list of 'Gotthold Buddenbrook' should  fail
because Gotthold Buddenbrook has already two other parents : [Josephine Buddenbrook, Johann Buddenbrook]"
Olly Buddenbrook,Gotthold Buddenbrook,true,"Adding 'Olly Buddenbrook' to parents list of 'Gotthold Buddenbrook' should  fail
because Olly Buddenbrook is already sibling of Gotthold Buddenbrook"
Olly Buddenbrook,Gotthold Buddenbrook,true,"Adding 'Olly Buddenbrook' to parents list of 'Gotthold Buddenbrook' should  fail
because Gotthold Buddenbrook has already two other parents : [Josephine Buddenbrook, Johann Buddenbrook]"
Johann (Jean) Buddenbrook,Gotthold Buddenbrook,true,"Adding 'Johann (Jean) Buddenbrook' to parents list of 'Gotthold Buddenbrook' should  fail
because Johann (Jean) Buddenbrook is already sibling of Gotthold Buddenbrook"
Johann (Jean) Buddenbrook,Gotthold Buddenbrook,true,"Adding 'Johann (Jean) Buddenbrook' to parents list of 'Gotthold Buddenbrook' should  fail
because Johann (Jean) Buddenbrook is younger than Gotthold Buddenbrook"
Johann (Jean) Buddenbrook,Gotthold Buddenbrook,true,"Adding 'Johann (Jean) Buddenbrook' to parents list of 'Gotthold Buddenbrook' should  fail
because Gotthold Buddenbrook has already two other parents : [Josephine Buddenbrook, Johann Buddenbrook]"
Klothilde Buddenbrook,Gotthold Buddenbrook,true,"Adding 'Klothilde Buddenbrook' to parents list of 'Gotthold Buddenbrook' should  fail
because Klothilde Buddenbrook is younger than Gotthold Buddenbrook"
Klothilde Buddenbrook,Gotthold Buddenbrook,true,"Adding 'Klothilde Buddenbrook' to parents list of 'Gotthold Buddenbrook' should  fail
because Gotthold Buddenbrook has already two other parents : [Josephine Buddenbrook, Johann Buddenbrook]"
Thomas Buddenbrook,Gotthold Buddenbrook,true,"Adding 'Thomas Buddenbrook' to parents list of 'Gotthold Buddenbrook' should  fail
because Thomas Buddenbrook is younger than Gotthold Buddenbrook"
Thomas Buddenbrook,Gotthold Buddenbrook,true,"Adding 'Thomas Buddenbrook' to parents list of 'Gotthold Buddenbrook' should  fail
because Gotthold Buddenbrook has already two other parents : [Josephine Buddenbrook, Johann Buddenbrook]"
Antonie (Tony) Buddenbrook,Gotthold Buddenbrook,true,"Adding 'Antonie (Tony) Buddenbrook' to parents list of 'Gotthold Buddenbrook' should  fail
because Antonie (Tony) Buddenbrook is younger than Gotthold Buddenbrook"
Antonie (Tony) Buddenbrook,Gotthold Buddenbrook,true,"Adding 'Antonie (Tony) Buddenbrook' to parents list of 'Gotthold Buddenbrook' should  fail
because Gotthold Buddenbrook has already two other parents : [Josephine Buddenbrook, Johann Buddenbrook]"
Christian Buddenbrook,Gotthold Buddenbrook,true,"Adding 'Christian Buddenbrook' to parents list of 'Gotthold Buddenbrook' should  fail
because Christian Buddenbrook is younger than Gotthold Buddenbrook"
Christian Buddenbrook,Gotthold Buddenbrook,true,"Adding 'Christian Buddenbrook' to parents list of 'Gotthold Buddenbrook' should  fail
because Gotthold Buddenbrook has already two other parents : [Josephine Buddenbrook, Johann Buddenbrook]"
Clara Buddenbrook,Gotthold Buddenbrook,true,"Adding 'Clara Buddenbrook' to parents list of 'Gotthold Buddenbrook' should  fail
because Clara Buddenbrook is younger than Gotthold Buddenbrook"
Clara Buddenbrook,Gotthold Buddenbrook,true,"Adding 'Clara Buddenbrook' to parents list of 'Gotthold Buddenbrook' should  fail
because Gotthold Buddenbrook has already two other parents : [Josephine Buddenbrook, Johann Buddenbrook]"
Hanno Buddenbrook,Gotthold Buddenbrook,true,"Adding 'Hanno Buddenbrook' to parents list of 'Gotthold Buddenbrook' should  fail
because Hanno Buddenbrook is younger than Gotthold Buddenbrook"
Hanno Buddenbrook,Gotthold Buddenbrook,true,"Adding 'Hanno Buddenbrook' to parents list of 'Gotthold Buddenbrook' should  fail
because Gotthold Buddenbrook has already two other parents : [Josephine Buddenbrook, Johann Buddenbrook]"
Erika Gruenlich,Gotthold Buddenbrook,true,"Adding 'Erika Gruenlich' to parents list of 'Gotthold Buddenbrook' should  fail
because Erika Gruenlich is younger than Gotthold Buddenbrook"
Erika Gruenlich,Gotthold Buddenbrook,true,"Adding 'Erika Gruenlich' to parents list of 'Gotthold Buddenbrook' should  fail
because Gotthold Buddenbrook has already two other parents : [Josephine Buddenbrook, Johann Buddenbrook]"
Elisabeth Weinschenk,Gotthold Buddenbrook,true,"Adding 'Elisabeth Weinschenk' to parents list of 'Gotthold Buddenbrook' should  fail
because Gotthold Buddenbrook has already two other parents : [Josephine Buddenbrook, Johann Buddenbrook]"
Hugo Weinschenk,Gotthold Buddenbrook,true,"Adding 'Hugo Weinschenk' to parents list of 'Gotthold Buddenbrook' should  fail
because Gotthold Buddenbrook has already two other parents : [Josephine Buddenbrook, Johann Buddenbrook]"
Alois Permaneder,Gotthold Buddenbrook,true,"Adding 'Alois Permaneder' to parents list of 'Gotthold Buddenbrook' should  fail
because Gotthold Buddenbrook has already two other parents : [Josephine Buddenbrook, Johann Buddenbrook]"
Bendix Gruenlich,Gotthold Buddenbrook,true,"Adding 'Bendix Gruenlich' to parents list of 'Gotthold Buddenbrook' should  fail
because Gotthold Buddenbrook has already two other parents : [Josephine Buddenbrook, Johann Buddenbrook]"
Gisela Buddenbrook,Gotthold Buddenbrook,true,"Adding 'Gisela Buddenbrook' to parents list of 'Gotthold Buddenbrook' should  fail
because Gisela Buddenbrook is younger than Gotthold Buddenbrook"
Gisela Buddenbrook,Gotthold Buddenbrook,true,"Adding 'Gisela Buddenbrook' to parents list of 'Gotthold Buddenbrook' should  fail
because Gotthold Buddenbrook has already two other parents : [Josephine Buddenbrook, Johann Buddenbrook]"
Aline Puvogel,Gotthold Buddenbrook,true,"Adding 'Aline Puvogel' to parents list of 'Gotthold Buddenbrook' should  fail
because Gotthold Buddenbrook has already two other parents : [Josephine Buddenbrook, Johann Buddenbrook]"
Gerda Arnoldsen,Gotthold Buddenbrook,true,"Adding 'Gerda Arnoldsen' to parents list of 'Gotthold Buddenbrook' should  fail
because Gerda Arnoldsen is younger than Gotthold Buddenbrook"
Gerda Arnoldsen,Gotthold Buddenbrook,true,"Adding 'Gerda Arnoldsen' to parents list of 'Gotthold Buddenbrook' should  fail
because Gotthold Buddenbrook has already two other parents : [Josephine Buddenbrook, Johann Buddenbrook]"
Sievert Tiburtius,Gotthold Buddenbrook,true,"Adding 'Sievert Tiburtius' to parents list of 'Gotthold Buddenbrook' should  fail
because Sievert Tiburtius is younger than Gotthold Buddenbrook"
Sievert Tiburtius,Gotthold Buddenbrook,true,"Adding 'Sievert Tiburtius' to parents list of 'Gotthold Buddenbrook' should  fail
because Gotthold Buddenbrook has already two other parents : [Josephine Buddenbrook, Johann Buddenbrook]"
Leberecht Kroeger,Gotthold Buddenbrook,true,"Adding 'Leberecht Kroeger' to parents list of 'Gotthold Buddenbrook' should  fail
because Leberecht Kroeger is younger than Gotthold Buddenbrook"
Leberecht Kroeger,Gotthold Buddenbrook,true,"Adding 'Leberecht Kroeger' to parents list of 'Gotthold Buddenbrook' should  fail
because Gotthold Buddenbrook has already two other parents : [Josephine Buddenbrook, Johann Buddenbrook]"
Elisabeth (Bethsy) Kroeger,Gotthold Buddenbrook,true,"Adding 'Elisabeth (Bethsy) Kroeger' to parents list of 'Gotthold Buddenbrook' should  fail
because Elisabeth (Bethsy) Kroeger is younger than Gotthold Buddenbrook"
Elisabeth (Bethsy) Kroeger,Gotthold Buddenbrook,true,"Adding 'Elisabeth (Bethsy) Kroeger' to parents list of 'Gotthold Buddenbrook' should  fail
because Gotthold Buddenbrook has already two other parents : [Josephine Buddenbrook, Johann Buddenbrook]"
Justus Kroeger,Gotthold Buddenbrook,true,"Adding 'Justus Kroeger' to parents list of 'Gotthold Buddenbrook' should  fail
because Justus Kroeger is younger than Gotthold Buddenbrook"
Justus Kroeger,Gotthold Buddenbrook,true,"Adding 'Justus Kroeger' to parents list of 'Gotthold Buddenbrook' should  fail
because Gotthold Buddenbrook has already two other parents : [Josephine Buddenbrook, Johann Buddenbrook]"
Jakob Kroeger,Gotthold Buddenbrook,true,"Adding 'Jakob Kroeger' to parents list of 'Gotthold Buddenbrook' should  fail
because Jakob Kroeger is younger than Gotthold Buddenbrook"
Jakob Kroeger,Gotthold Buddenbrook,true,"Adding 'Jakob Kroeger' to parents list of 'Gotthold Buddenbrook' should  fail
because Gotthold Buddenbrook has already two other parents : [Josephine Buddenbrook, Johann Buddenbrook]"
Juergen Kroeger,Gotthold Buddenbrook,true,"Adding 'Juergen Kroeger' to parents list of 'Gotthold Buddenbrook' should  fail
because Juergen Kroeger is younger than Gotthold Buddenbrook"
Juergen Kroeger,Gotthold Buddenbrook,true,"Adding 'Juergen Kroeger' to parents list of 'Gotthold Buddenbrook' should  fail
because Gotthold Buddenbrook has already two other parents : [Josephine Buddenbrook, Johann Buddenbrook]"
Rosalie Overdiek,Gotthold Buddenbrook,true,"Adding 'Rosalie Overdiek' to parents list of 'Gotthold Buddenbrook' should  fail
because Gotthold Buddenbrook has already two other parents : [Josephine Buddenbrook, Johann Buddenbrook]"
Catharina Kroeger,Gotthold Buddenbrook,true,"Adding 'Catharina Kroeger' to parents list of 'Gotthold Buddenbrook' should  fail
because Gotthold Buddenbrook has already two other parents : [Josephine Buddenbrook, Johann Buddenbrook]"
Alien Alien,Rosalie Stuewing,false,"Adding 'Alien Alien' to parents list of 'Rosalie Stuewing' should NOT fail
because Aspirant is alien"
Gotthold Buddenbrook,Rosalie Stuewing,true,"Adding 'Gotthold Buddenbrook' to parents list of 'Rosalie Stuewing' should  fail
because Gotthold Buddenbrook is already spouse of Rosalie Stuewing"
Rosalie Stuewing,Rosalie Stuewing,true,"Adding 'Rosalie Stuewing' to parents list of 'Rosalie Stuewing' should  fail
because Persons are equal."
Frederike Buddenbrook,Rosalie Stuewing,true,"Adding 'Frederike Buddenbrook' to parents list of 'Rosalie Stuewing' should  fail
because Frederike Buddenbrook is younger than Rosalie Stuewing"
Frederike Buddenbrook,Rosalie Stuewing,true,"Adding 'Frederike Buddenbrook' to parents list of 'Rosalie Stuewing' should  fail
because Frederike Buddenbrook is already child of Rosalie Stuewing"
Frederike Buddenbrook,Rosalie Stuewing,true,"Adding 'Frederike Buddenbrook' to parents list of 'Rosalie Stuewing' should  fail
because Frederike Buddenbrook is in children's line of Rosalie Stuewing"
Henriette Buddenbrook,Rosalie Stuewing,true,"Adding 'Henriette Buddenbrook' to parents list of 'Rosalie Stuewing' should  fail
because Henriette Buddenbrook is younger than Rosalie Stuewing"
Henriette Buddenbrook,Rosalie Stuewing,true,"Adding 'Henriette Buddenbrook' to parents list of 'Rosalie Stuewing' should  fail
because Henriette Buddenbrook is already child of Rosalie Stuewing"
Henriette Buddenbrook,Rosalie Stuewing,true,"Adding 'Henriette Buddenbrook' to parents list of 'Rosalie Stuewing' should  fail
because Henriette Buddenbrook is in children's line of Rosalie Stuewing"
Pfiffi Buddenbrook,Rosalie Stuewing,true,"Adding 'Pfiffi Buddenbrook' to parents list of 'Rosalie Stuewing' should  fail
because Pfiffi Buddenbrook is younger than Rosalie Stuewing"
Pfiffi Buddenbrook,Rosalie Stuewing,true,"Adding 'Pfiffi Buddenbrook' to parents list of 'Rosalie Stuewing' should  fail
because Pfiffi Buddenbrook is already child of Rosalie Stuewing"
Pfiffi Buddenbrook,Rosalie Stuewing,true,"Adding 'Pfiffi Buddenbrook' to parents list of 'Rosalie Stuewing' should  fail
because Pfiffi Buddenbrook is in children's line of Rosalie Stuewing"
Johann (Jean) Buddenbrook,Rosalie Stuewing,true,"Adding 'Johann (Jean) Buddenbrook' to parents list of 'Rosalie Stuewing' should  fail
because Johann (Jean) Buddenbrook is younger than Rosalie Stuewing"
Klothilde Buddenbrook,Rosalie Stuewing,true,"Adding 'Klothilde Buddenbrook' to parents list of 'Rosalie Stuewing' should  fail
because Klothilde Buddenbrook is younger than Rosalie Stuewing"
Thomas Buddenbrook,Rosalie Stuewing,true,"Adding 'Thomas Buddenbrook' to parents list of 'Rosalie Stuewing' should  fail
because Thomas Buddenbrook is younger than Rosalie Stuewing"
Antonie (Tony) Buddenbrook,Rosalie Stuewing,true,"Adding 'Antonie (Tony) Buddenbrook' to parents list of 'Rosalie Stuewing' should  fail
because Antonie (Tony) Buddenbrook is younger than Rosalie Stuewing"
Christian Buddenbrook,Rosalie Stuewing,true,"Adding 'Christian Buddenbrook' to parents list of 'Rosalie Stuewing' should  fail
because Christian Buddenbrook is younger than Rosalie Stuewing"
Clara Buddenbrook,Rosalie Stuewing,true,"Adding 'Clara Buddenbrook' to parents list of 'Rosalie Stuewing' should  fail
because Clara Buddenbrook is younger than Rosalie Stuewing"
Hanno Buddenbrook,Rosalie Stuewing,true,"Adding 'Hanno Buddenbrook' to parents list of 'Rosalie Stuewing' should  fail
because Hanno Buddenbrook is younger than Rosalie Stuewing"
Erika Gruenlich,Rosalie Stuewing,true,"Adding 'Erika Gruenlich' to parents list of 'Rosalie Stuewing' should  fail
because Erika Gruenlich is younger than Rosalie Stuewing"
Gisela Buddenbrook,Rosalie Stuewing,true,"Adding 'Gisela Buddenbrook' to parents list of 'Rosalie Stuewing' should  fail
because Gisela Buddenbrook is younger than Rosalie Stuewing"
Gerda Arnoldsen,Rosalie Stuewing,true,"Adding 'Gerda Arnoldsen' to parents list of 'Rosalie Stuewing' should  fail
because Gerda Arnoldsen is younger than Rosalie Stuewing"
Sievert Tiburtius,Rosalie Stuewing,true,"Adding 'Sievert Tiburtius' to parents list of 'Rosalie Stuewing' should  fail
because Sievert Tiburtius is younger than Rosalie Stuewing"
Leberecht Kroeger,Rosalie Stuewing,true,"Adding 'Leberecht Kroeger' to parents list of 'Rosalie Stuewing' should  fail
because Leberecht Kroeger is younger than Rosalie Stuewing"
Elisabeth (Bethsy) Kroeger,Rosalie Stuewing,true,"Adding 'Elisabeth (Bethsy) Kroeger' to parents list of 'Rosalie Stuewing' should  fail
because Elisabeth (Bethsy) Kroeger is younger than Rosalie Stuewing"
Justus Kroeger,Rosalie Stuewing,true,"Adding 'Justus Kroeger' to parents list of 'Rosalie Stuewing' should  fail
because Justus Kroeger is younger than Rosalie Stuewing"
Jakob Kroeger,Rosalie Stuewing,true,"Adding 'Jakob Kroeger' to parents list of 'Rosalie Stuewing' should  fail
because Jakob Kroeger is younger than Rosalie Stuewing"
Juergen Kroeger,Rosalie Stuewing,true,"Adding 'Juergen Kroeger' to parents list of 'Rosalie Stuewing' should  fail
because Juergen Kroeger is younger than Rosalie Stuewing"
Johan Buddenbrook,Frederike Buddenbrook,true,"Adding 'Johan Buddenbrook' to parents list of 'Frederike Buddenbrook' should  fail
because Johan Buddenbrook is in parental line of Frederike Buddenbrook"
Johan Buddenbrook,Frederike Buddenbrook,true,"Adding 'Johan Buddenbrook' to parents list of 'Frederike Buddenbrook' should  fail
because Frederike Buddenbrook has already two other parents : [Gotthold Buddenbrook, Rosalie Stuewing]"
Alien Alien,Frederike Buddenbrook,true,"Adding 'Alien Alien' to parents list of 'Frederike Buddenbrook' should  fail
because Frederike Buddenbrook has already two other parents : [Gotthold Buddenbrook, Rosalie Stuewing]"
Johann Buddenbrook,Frederike Buddenbrook,true,"Adding 'Johann Buddenbrook' to parents list of 'Frederike Buddenbrook' should  fail
because Johann Buddenbrook is in parental line of Frederike Buddenbrook"
Johann Buddenbrook,Frederike Buddenbrook,true,"Adding 'Johann Buddenbrook' to parents list of 'Frederike Buddenbrook' should  fail
because Frederike Buddenbrook has already two other parents : [Gotthold Buddenbrook, Rosalie Stuewing]"
Bernhard Buddenbrook,Frederike Buddenbrook,true,"Adding 'Bernhard Buddenbrook' to parents list of 'Frederike Buddenbrook' should  fail
because Frederike Buddenbrook has already two other parents : [Gotthold Buddenbrook, Rosalie Stuewing]"
Josephine Buddenbrook,Frederike Buddenbrook,true,"Adding 'Josephine Buddenbrook' to parents list of 'Frederike Buddenbrook' should  fail
because Josephine Buddenbrook is in parental line of Frederike Buddenbrook"
Josephine Buddenbrook,Frederike Buddenbrook,true,"Adding 'Josephine Buddenbrook' to parents list of 'Frederike Buddenbrook' should  fail
because Frederike Buddenbrook has already two other parents : [Gotthold Buddenbrook, Rosalie Stuewing]"
Antoinette Duchamps,Frederike Buddenbrook,true,"Adding 'Antoinette Duchamps' to parents list of 'Frederike Buddenbrook' should  fail
because Frederike Buddenbrook has already two other parents : [Gotthold Buddenbrook, Rosalie Stuewing]"
Gotthold Buddenbrook,Frederike Buddenbrook,true,"Adding 'Gotthold Buddenbrook' to parents list of 'Frederike Buddenbrook' should  fail
because Gotthold Buddenbrook is already parent of Frederike Buddenbrook"
Gotthold Buddenbrook,Frederike Buddenbrook,true,"Adding 'Gotthold Buddenbrook' to parents list of 'Frederike Buddenbrook' should  fail
because Gotthold Buddenbrook is in parental line of Frederike Buddenbrook"
Gotthold Buddenbrook,Frederike Buddenbrook,true,"Adding 'Gotthold Buddenbrook' to parents list of 'Frederike Buddenbrook' should  fail
because Frederike Buddenbrook has already two other parents : [Gotthold Buddenbrook, Rosalie Stuewing]"
Rosalie Stuewing,Frederike Buddenbrook,true,"Adding 'Rosalie Stuewing' to parents list of 'Frederike Buddenbrook' should  fail
because Rosalie Stuewing is already parent of Frederike Buddenbrook"
Rosalie Stuewing,Frederike Buddenbrook,true,"Adding 'Rosalie Stuewing' to parents list of 'Frederike Buddenbrook' should  fail
because Rosalie Stuewing is in parental line of Frederike Buddenbrook"
Rosalie Stuewing,Frederike Buddenbrook,true,"Adding 'Rosalie Stuewing' to parents list of 'Frederike Buddenbrook' should  fail
because Frederike Buddenbrook has already two other parents : [Gotthold Buddenbrook, Rosalie Stuewing]"
Frederike Buddenbrook,Frederike Buddenbrook,true,"Adding 'Frederike Buddenbrook' to parents list of 'Frederike Buddenbrook' should  fail
because Persons are equal."
Frederike Buddenbrook,Frederike Buddenbrook,true,"Adding 'Frederike Buddenbrook' to parents list of 'Frederike Buddenbrook' should  fail
because Frederike Buddenbrook is already sibling of Frederike Buddenbrook"
Frederike Buddenbrook,Frederike Buddenbrook,true,"Adding 'Frederike Buddenbrook' to parents list of 'Frederike Buddenbrook' should  fail
because Frederike Buddenbrook has already two other parents : [Gotthold Buddenbrook, Rosalie Stuewing]"
Henriette Buddenbrook,Frederike Buddenbrook,true,"Adding 'Henriette Buddenbrook' to parents list of 'Frederike Buddenbrook' should  fail
because Henriette Buddenbrook is already sibling of Frederike Buddenbrook"
Henriette Buddenbrook,Frederike Buddenbrook,true,"Adding 'Henriette Buddenbrook' to parents list of 'Frederike Buddenbrook' should  fail
because Henriette Buddenbrook is younger than Frederike Buddenbrook"
Henriette Buddenbrook,Frederike Buddenbrook,true,"Adding 'Henriette Buddenbrook' to parents list of 'Frederike Buddenbrook' should  fail
because Frederike Buddenbrook has already two other parents : [Gotthold Buddenbrook, Rosalie Stuewing]"
Pfiffi Buddenbrook,Frederike Buddenbrook,true,"Adding 'Pfiffi Buddenbrook' to parents list of 'Frederike Buddenbrook' should  fail
because Pfiffi Buddenbrook is already sibling of Frederike Buddenbrook"
Pfiffi Buddenbrook,Frederike Buddenbrook,true,"Adding 'Pfiffi Buddenbrook' to parents list of 'Frederike Buddenbrook' should  fail
because Pfiffi Buddenbrook is younger than Frederike Buddenbrook"
Pfiffi Buddenbrook,Frederike Buddenbrook,true,"Adding 'Pfiffi Buddenbrook' to parents list of 'Frederike Buddenbrook' should  fail
because Frederike Buddenbrook has already two other parents : [Gotthold Buddenbrook, Rosalie Stuewing]"
Olly Buddenbrook,Frederike Buddenbrook,true,"Adding 'Olly Buddenbrook' to parents list of 'Frederike Buddenbrook' should  fail
because Frederike Buddenbrook has already two other parents : [Gotthold Buddenbrook, Rosalie Stuewing]"
Johann (Jean) Buddenbrook,Frederike Buddenbrook,true,"Adding 'Johann (Jean) Buddenbrook' to parents list of 'Frederike Buddenbrook' should  fail
because Frederike Buddenbrook has already two other parents : [Gotthold Buddenbrook, Rosalie Stuewing]"
Klothilde Buddenbrook,Frederike Buddenbrook,true,"Adding 'Klothilde Buddenbrook' to parents list of 'Frederike Buddenbrook' should  fail
because Klothilde Buddenbrook is younger than Frederike Buddenbrook"
Klothilde Buddenbrook,Frederike Buddenbrook,true,"Adding 'Klothilde Buddenbrook' to parents list of 'Frederike Buddenbrook' should  fail
because Frederike Buddenbrook has already two other parents : [Gotthold Buddenbrook, Rosalie Stuewing]"
Thomas Buddenbrook,Frederike Buddenbrook,true,"Adding 'Thomas Buddenbrook' to parents list of 'Frederike Buddenbrook' should  fail
because Thomas Buddenbrook is younger than Frederike Buddenbrook"
Thomas Buddenbrook,Frederike Buddenbrook,true,"Adding 'Thomas Buddenbrook' to parents list of 'Frederike Buddenbrook' should  fail
because Frederike Buddenbrook has already two other parents : [Gotthold Buddenbrook, Rosalie Stuewing]"
Antonie (Tony) Buddenbrook,Frederike Buddenbrook,true,"Adding 'Antonie (Tony) Buddenbrook' to parents list of 'Frederike Buddenbrook' should  fail
because Antonie (Tony) Buddenbrook is younger than Frederike Buddenbrook"
Antonie (Tony) Buddenbrook,Frederike Buddenbrook,true,"Adding 'Antonie (Tony) Buddenbrook' to parents list of 'Frederike Buddenbrook' should  fail
because Frederike Buddenbrook has already two other parents : [Gotthold Buddenbrook, Rosalie Stuewing]"
Christian Buddenbrook,Frederike Buddenbrook,true,"Adding 'Christian Buddenbrook' to parents list of 'Frederike Buddenbrook' should  fail
because Christian Buddenbrook is younger than Frederike Buddenbrook"
Christian Buddenbrook,Frederike Buddenbrook,true,"Adding 'Christian Buddenbrook' to parents list of 'Frederike Buddenbrook' should  fail
because Frederike Buddenbrook has already two other parents : [Gotthold Buddenbrook, Rosalie Stuewing]"
Clara Buddenbrook,Frederike Buddenbrook,true,"Adding 'Clara Buddenbrook' to parents list of 'Frederike Buddenbrook' should  fail
because Clara Buddenbrook is younger than Frederike Buddenbrook"
Clara Buddenbrook,Frederike Buddenbrook,true,"Adding 'Clara Buddenbrook' to parents list of 'Frederike Buddenbrook' should  fail
because Frederike Buddenbrook has already two other parents : [Gotthold Buddenbrook, Rosalie Stuewing]"
Hanno Buddenbrook,Frederike Buddenbrook,true,"Adding 'Hanno Buddenbrook' to parents list of 'Frederike Buddenbrook' should  fail
because Hanno Buddenbrook is younger than Frederike Buddenbrook"
Hanno Buddenbrook,Frederike Buddenbrook,true,"Adding 'Hanno Buddenbrook' to parents list of 'Frederike Buddenbrook' should  fail
because Frederike Buddenbrook has already two other parents : [Gotthold Buddenbrook, Rosalie Stuewing]"
Erika Gruenlich,Frederike Buddenbrook,true,"Adding 'Erika Gruenlich' to parents list of 'Frederike Buddenbrook' should  fail
because Erika Gruenlich is younger than Frederike Buddenbrook"
Erika Gruenlich,Frederike Buddenbrook,true,"Adding 'Erika Gruenlich' to parents list of 'Frederike Buddenbrook' should  fail
because Frederike Buddenbrook has already two other parents : [Gotthold Buddenbrook, Rosalie Stuewing]"
Elisabeth Weinschenk,Frederike Buddenbrook,true,"Adding 'Elisabeth Weinschenk' to parents list of 'Frederike Buddenbrook' should  fail
because Frederike Buddenbrook has already two other parents : [Gotthold Buddenbrook, Rosalie Stuewing]"
Hugo Weinschenk,Frederike Buddenbrook,true,"Adding 'Hugo Weinschenk' to parents list of 'Frederike Buddenbrook' should  fail
because Frederike Buddenbrook has already two other parents : [Gotthold Buddenbrook, Rosalie Stuewing]"
Alois Permaneder,Frederike Buddenbrook,true,"Adding 'Alois Permaneder' to parents list of 'Frederike Buddenbrook' should  fail
because Frederike Buddenbrook has already two other parents : [Gotthold Buddenbrook, Rosalie Stuewing]"
Bendix Gruenlich,Frederike Buddenbrook,true,"Adding 'Bendix Gruenlich' to parents list of 'Frederike Buddenbrook' should  fail
because Frederike Buddenbrook has already two other parents : [Gotthold Buddenbrook, Rosalie Stuewing]"
Gisela Buddenbrook,Frederike Buddenbrook,true,"Adding 'Gisela Buddenbrook' to parents list of 'Frederike Buddenbrook' should  fail
because Gisela Buddenbrook is younger than Frederike Buddenbrook"
Gisela Buddenbrook,Frederike Buddenbrook,true,"Adding 'Gisela Buddenbrook' to parents list of 'Frederike Buddenbrook' should  fail
because Frederike Buddenbrook has already two other parents : [Gotthold Buddenbrook, Rosalie Stuewing]"
Aline Puvogel,Frederike Buddenbrook,true,"Adding 'Aline Puvogel' to parents list of 'Frederike Buddenbrook' should  fail
because Frederike Buddenbrook has already two other parents : [Gotthold Buddenbrook, Rosalie Stuewing]"
Gerda Arnoldsen,Frederike Buddenbrook,true,"Adding 'Gerda Arnoldsen' to parents list of 'Frederike Buddenbrook' should  fail
because Gerda Arnoldsen is younger than Frederike Buddenbrook"
Gerda Arnoldsen,Frederike Buddenbrook,true,"Adding 'Gerda Arnoldsen' to parents list of 'Frederike Buddenbrook' should  fail
because Frederike Buddenbrook has already two other parents : [Gotthold Buddenbrook, Rosalie Stuewing]"
Sievert Tiburtius,Frederike Buddenbrook,true,"Adding 'Sievert Tiburtius' to parents list of 'Frederike Buddenbrook' should  fail
because Sievert Tiburtius is younger than Frederike Buddenbrook"
Sievert Tiburtius,Frederike Buddenbrook,true,"Adding 'Sievert Tiburtius' to parents list of 'Frederike Buddenbrook' should  fail
because Frederike Buddenbrook has already two other parents : [Gotthold Buddenbrook, Rosalie Stuewing]"
Leberecht Kroeger,Frederike Buddenbrook,true,"Adding 'Leberecht Kroeger' to parents list of 'Frederike Buddenbrook' should  fail
because Leberecht Kroeger is younger than Frederike Buddenbrook"
Leberecht Kroeger,Frederike Buddenbrook,true,"Adding 'Leberecht Kroeger' to parents list of 'Frederike Buddenbrook' should  fail
because Frederike Buddenbrook has already two other parents : [Gotthold Buddenbrook, Rosalie Stuewing]"
Elisabeth (Bethsy) Kroeger,Frederike Buddenbrook,true,"Adding 'Elisabeth (Bethsy) Kroeger' to parents list of 'Frederike Buddenbrook' should  fail
because Frederike Buddenbrook has already two other parents : [Gotthold Buddenbrook, Rosalie Stuewing]"
Justus Kroeger,Frederike Buddenbrook,true,"Adding 'Justus Kroeger' to parents list of 'Frederike Buddenbrook' should  fail
because Frederike Buddenbrook has already two other parents : [Gotthold Buddenbrook, Rosalie Stuewing]"
Jakob Kroeger,Frederike Buddenbrook,true,"Adding 'Jakob Kroeger' to parents list of 'Frederike Buddenbrook' should  fail
because Jakob Kroeger is younger than Frederike Buddenbrook"
Jakob Kroeger,Frederike Buddenbrook,true,"Adding 'Jakob Kroeger' to parents list of 'Frederike Buddenbrook' should  fail
because Frederike Buddenbrook has already two other parents : [Gotthold Buddenbrook, Rosalie Stuewing]"
Juergen Kroeger,Frederike Buddenbrook,true,"Adding 'Juergen Kroeger' to parents list of 'Frederike Buddenbrook' should  fail
because Juergen Kroeger is younger than Frederike Buddenbrook"
Juergen Kroeger,Frederike Buddenbrook,true,"Adding 'Juergen Kroeger' to parents list of 'Frederike Buddenbrook' should  fail
because Frederike Buddenbrook has already two other parents : [Gotthold Buddenbrook, Rosalie Stuewing]"
Rosalie Overdiek,Frederike Buddenbrook,true,"Adding 'Rosalie Overdiek' to parents list of 'Frederike Buddenbrook' should  fail
because Frederike Buddenbrook has already two other parents : [Gotthold Buddenbrook, Rosalie Stuewing]"
Catharina Kroeger,Frederike Buddenbrook,true,"Adding 'Catharina Kroeger' to parents list of 'Frederike Buddenbrook' should  fail
because Frederike Buddenbrook has already two other parents : [Gotthold Buddenbrook, Rosalie Stuewing]"
Johan Buddenbrook,Henriette Buddenbrook,true,"Adding 'Johan Buddenbrook' to parents list of 'Henriette Buddenbrook' should  fail
because Johan Buddenbrook is in parental line of Henriette Buddenbrook"
Johan Buddenbrook,Henriette Buddenbrook,true,"Adding 'Johan Buddenbrook' to parents list of 'Henriette Buddenbrook' should  fail
because Henriette Buddenbrook has already two other parents : [Gotthold Buddenbrook, Rosalie Stuewing]"
Alien Alien,Henriette Buddenbrook,true,"Adding 'Alien Alien' to parents list of 'Henriette Buddenbrook' should  fail
because Henriette Buddenbrook has already two other parents : [Gotthold Buddenbrook, Rosalie Stuewing]"
Johann Buddenbrook,Henriette Buddenbrook,true,"Adding 'Johann Buddenbrook' to parents list of 'Henriette Buddenbrook' should  fail
because Johann Buddenbrook is in parental line of Henriette Buddenbrook"
Johann Buddenbrook,Henriette Buddenbrook,true,"Adding 'Johann Buddenbrook' to parents list of 'Henriette Buddenbrook' should  fail
because Henriette Buddenbrook has already two other parents : [Gotthold Buddenbrook, Rosalie Stuewing]"
Bernhard Buddenbrook,Henriette Buddenbrook,true,"Adding 'Bernhard Buddenbrook' to parents list of 'Henriette Buddenbrook' should  fail
because Henriette Buddenbrook has already two other parents : [Gotthold Buddenbrook, Rosalie Stuewing]"
Josephine Buddenbrook,Henriette Buddenbrook,true,"Adding 'Josephine Buddenbrook' to parents list of 'Henriette Buddenbrook' should  fail
because Josephine Buddenbrook is in parental line of Henriette Buddenbrook"
Josephine Buddenbrook,Henriette Buddenbrook,true,"Adding 'Josephine Buddenbrook' to parents list of 'Henriette Buddenbrook' should  fail
because Henriette Buddenbrook has already two other parents : [Gotthold Buddenbrook, Rosalie Stuewing]"
Antoinette Duchamps,Henriette Buddenbrook,true,"Adding 'Antoinette Duchamps' to parents list of 'Henriette Buddenbrook' should  fail
because Henriette Buddenbrook has already two other parents : [Gotthold Buddenbrook, Rosalie Stuewing]"
Gotthold Buddenbrook,Henriette Buddenbrook,true,"Adding 'Gotthold Buddenbrook' to parents list of 'Henriette Buddenbrook' should  fail
because Gotthold Buddenbrook is already parent of Henriette Buddenbrook"
Gotthold Buddenbrook,Henriette Buddenbrook,true,"Adding 'Gotthold Buddenbrook' to parents list of 'Henriette Buddenbrook' should  fail
because Gotthold Buddenbrook is in parental line of Henriette Buddenbrook"
Gotthold Buddenbrook,Henriette Buddenbrook,true,"Adding 'Gotthold Buddenbrook' to parents list of 'Henriette Buddenbrook' should  fail
because Henriette Buddenbrook has already two other parents : [Gotthold Buddenbrook, Rosalie Stuewing]"
Rosalie Stuewing,Henriette Buddenbrook,true,"Adding 'Rosalie Stuewing' to parents list of 'Henriette Buddenbrook' should  fail
because Rosalie Stuewing is already parent of Henriette Buddenbrook"
Rosalie Stuewing,Henriette Buddenbrook,true,"Adding 'Rosalie Stuewing' to parents list of 'Henriette Buddenbrook' should  fail
because Rosalie Stuewing is in parental line of Henriette Buddenbrook"
Rosalie Stuewing,Henriette Buddenbrook,true,"Adding 'Rosalie Stuewing' to parents list of 'Henriette Buddenbrook' should  fail
because Henriette Buddenbrook has already two other parents : [Gotthold Buddenbrook, Rosalie Stuewing]"
Frederike Buddenbrook,Henriette Buddenbrook,true,"Adding 'Frederike Buddenbrook' to parents list of 'Henriette Buddenbrook' should  fail
because Frederike Buddenbrook is already sibling of Henriette Buddenbrook"
Frederike Buddenbrook,Henriette Buddenbrook,true,"Adding 'Frederike Buddenbrook' to parents list of 'Henriette Buddenbrook' should  fail
because Henriette Buddenbrook has already two other parents : [Gotthold Buddenbrook, Rosalie Stuewing]"
Henriette Buddenbrook,Henriette Buddenbrook,true,"Adding 'Henriette Buddenbrook' to parents list of 'Henriette Buddenbrook' should  fail
because Persons are equal."
Henriette Buddenbrook,Henriette Buddenbrook,true,"Adding 'Henriette Buddenbrook' to parents list of 'Henriette Buddenbrook' should  fail
because Henriette Buddenbrook is already sibling of Henriette Buddenbrook"
Henriette Buddenbrook,Henriette Buddenbrook,true,"Adding 'Henriette Buddenbrook' to parents list of 'Henriette Buddenbrook' should  fail
because Henriette Buddenbrook has already two other parents : [Gotthold Buddenbrook, Rosalie Stuewing]"
Pfiffi Buddenbrook,Henriette Buddenbrook,true,"Adding 'Pfiffi Buddenbrook' to parents list of 'Henriette Buddenbrook' should  fail
because Pfiffi Buddenbrook is already sibling of Henriette Buddenbrook"
Pfiffi Buddenbrook,Henriette Buddenbrook,true,"Adding 'Pfiffi Buddenbrook' to parents list of 'Henriette Buddenbrook' should  fail
because Pfiffi Buddenbrook is younger than Henriette Buddenbrook"
Pfiffi Buddenbrook,Henriette Buddenbrook,true,"Adding 'Pfiffi Buddenbrook' to parents list of 'Henriette Buddenbrook' should  fail
because Henriette Buddenbrook has already two other parents : [Gotthold Buddenbrook, Rosalie Stuewing]"
Olly Buddenbrook,Henriette Buddenbrook,true,"Adding 'Olly Buddenbrook' to parents list of 'Henriette Buddenbrook' should  fail
because Henriette Buddenbrook has already two other parents : [Gotthold Buddenbrook, Rosalie Stuewing]"
Johann (Jean) Buddenbrook,Henriette Buddenbrook,true,"Adding 'Johann (Jean) Buddenbrook' to parents list of 'Henriette Buddenbrook' should  fail
because Henriette Buddenbrook has already two other parents : [Gotthold Buddenbrook, Rosalie Stuewing]"
Klothilde Buddenbrook,Henriette Buddenbrook,true,"Adding 'Klothilde Buddenbrook' to parents list of 'Henriette Buddenbrook' should  fail
because Klothilde Buddenbrook is younger than Henriette Buddenbrook"
Klothilde Buddenbrook,Henriette Buddenbrook,true,"Adding 'Klothilde Buddenbrook' to parents list of 'Henriette Buddenbrook' should  fail
because Henriette Buddenbrook has already two other parents : [Gotthold Buddenbrook, Rosalie Stuewing]"
Thomas Buddenbrook,Henriette Buddenbrook,true,"Adding 'Thomas Buddenbrook' to parents list of 'Henriette Buddenbrook' should  fail
because Thomas Buddenbrook is younger than Henriette Buddenbrook"
Thomas Buddenbrook,Henriette Buddenbrook,true,"Adding 'Thomas Buddenbrook' to parents list of 'Henriette Buddenbrook' should  fail
because Henriette Buddenbrook has already two other parents : [Gotthold Buddenbrook, Rosalie Stuewing]"
Antonie (Tony) Buddenbrook,Henriette Buddenbrook,true,"Adding 'Antonie (Tony) Buddenbrook' to parents list of 'Henriette Buddenbrook' should  fail
because Antonie (Tony) Buddenbrook is younger than Henriette Buddenbrook"
Antonie (Tony) Buddenbrook,Henriette Buddenbrook,true,"Adding 'Antonie (Tony) Buddenbrook' to parents list of 'Henriette Buddenbrook' should  fail
because Henriette Buddenbrook has already two other parents : [Gotthold Buddenbrook, Rosalie Stuewing]"
Christian Buddenbrook,Henriette Buddenbrook,true,"Adding 'Christian Buddenbrook' to parents list of 'Henriette Buddenbrook' should  fail
because Christian Buddenbrook is younger than Henriette Buddenbrook"
Christian Buddenbrook,Henriette Buddenbrook,true,"Adding 'Christian Buddenbrook' to parents list of 'Henriette Buddenbrook' should  fail
because Henriette Buddenbrook has already two other parents : [Gotthold Buddenbrook, Rosalie Stuewing]"
Clara Buddenbrook,Henriette Buddenbrook,true,"Adding 'Clara Buddenbrook' to parents list of 'Henriette Buddenbrook' should  fail
because Clara Buddenbrook is younger than Henriette Buddenbrook"
Clara Buddenbrook,Henriette Buddenbrook,true,"Adding 'Clara Buddenbrook' to parents list of 'Henriette Buddenbrook' should  fail
because Henriette Buddenbrook has already two other parents : [Gotthold Buddenbrook, Rosalie Stuewing]"
Hanno Buddenbrook,Henriette Buddenbrook,true,"Adding 'Hanno Buddenbrook' to parents list of 'Henriette Buddenbrook' should  fail
because Hanno Buddenbrook is younger than Henriette Buddenbrook"
Hanno Buddenbrook,Henriette Buddenbrook,true,"Adding 'Hanno Buddenbrook' to parents list of 'Henriette Buddenbrook' should  fail
because Henriette Buddenbrook has already two other parents : [Gotthold Buddenbrook, Rosalie Stuewing]"
Erika Gruenlich,Henriette Buddenbrook,true,"Adding 'Erika Gruenlich' to parents list of 'Henriette Buddenbrook' should  fail
because Erika Gruenlich is younger than Henriette Buddenbrook"
Erika Gruenlich,Henriette Buddenbrook,true,"Adding 'Erika Gruenlich' to parents list of 'Henriette Buddenbrook' should  fail
because Henriette Buddenbrook has already two other parents : [Gotthold Buddenbrook, Rosalie Stuewing]"
Elisabeth Weinschenk,Henriette Buddenbrook,true,"Adding 'Elisabeth Weinschenk' to parents list of 'Henriette Buddenbrook' should  fail
because Henriette Buddenbrook has already two other parents : [Gotthold Buddenbrook, Rosalie Stuewing]"
Hugo Weinschenk,Henriette Buddenbrook,true,"Adding 'Hugo Weinschenk' to parents list of 'Henriette Buddenbrook' should  fail
because Henriette Buddenbrook has already two other parents : [Gotthold Buddenbrook, Rosalie Stuewing]"
Alois Permaneder,Henriette Buddenbrook,true,"Adding 'Alois Permaneder' to parents list of 'Henriette Buddenbrook' should  fail
because Henriette Buddenbrook has already two other parents : [Gotthold Buddenbrook, Rosalie Stuewing]"
Bendix Gruenlich,Henriette Buddenbrook,true,"Adding 'Bendix Gruenlich' to parents list of 'Henriette Buddenbrook' should  fail
because Henriette Buddenbrook has already two other parents : [Gotthold Buddenbrook, Rosalie Stuewing]"
Gisela Buddenbrook,Henriette Buddenbrook,true,"Adding 'Gisela Buddenbrook' to parents list of 'Henriette Buddenbrook' should  fail
because Gisela Buddenbrook is younger than Henriette Buddenbrook"
Gisela Buddenbrook,Henriette Buddenbrook,true,"Adding 'Gisela Buddenbrook' to parents list of 'Henriette Buddenbrook' should  fail
because Henriette Buddenbrook has already two other parents : [Gotthold Buddenbrook, Rosalie Stuewing]"
Aline Puvogel,Henriette Buddenbrook,true,"Adding 'Aline Puvogel' to parents list of 'Henriette Buddenbrook' should  fail
because Henriette Buddenbrook has already two other parents : [Gotthold Buddenbrook, Rosalie Stuewing]"
Gerda Arnoldsen,Henriette Buddenbrook,true,"Adding 'Gerda Arnoldsen' to parents list of 'Henriette Buddenbrook' should  fail
because Gerda Arnoldsen is younger than Henriette Buddenbrook"
Gerda Arnoldsen,Henriette Buddenbrook,true,"Adding 'Gerda Arnoldsen' to parents list of 'Henriette Buddenbrook' should  fail
because Henriette Buddenbrook has already two other parents : [Gotthold Buddenbrook, Rosalie Stuewing]"
Sievert Tiburtius,Henriette Buddenbrook,true,"Adding 'Sievert Tiburtius' to parents list of 'Henriette Buddenbrook' should  fail
because Sievert Tiburtius is younger than Henriette Buddenbrook"
Sievert Tiburtius,Henriette Buddenbrook,true,"Adding 'Sievert Tiburtius' to parents list of 'Henriette Buddenbrook' should  fail
because Henriette Buddenbrook has already two other parents : [Gotthold Buddenbrook, Rosalie Stuewing]"
Leberecht Kroeger,Henriette Buddenbrook,true,"Adding 'Leberecht Kroeger' to parents list of 'Henriette Buddenbrook' should  fail
because Leberecht Kroeger is younger than Henriette Buddenbrook"
Leberecht Kroeger,Henriette Buddenbrook,true,"Adding 'Leberecht Kroeger' to parents list of 'Henriette Buddenbrook' should  fail
because Henriette Buddenbrook has already two other parents : [Gotthold Buddenbrook, Rosalie Stuewing]"
Elisabeth (Bethsy) Kroeger,Henriette Buddenbrook,true,"Adding 'Elisabeth (Bethsy) Kroeger' to parents list of 'Henriette Buddenbrook' should  fail
because Henriette Buddenbrook has already two other parents : [Gotthold Buddenbrook, Rosalie Stuewing]"
Justus Kroeger,Henriette Buddenbrook,true,"Adding 'Justus Kroeger' to parents list of 'Henriette Buddenbrook' should  fail
because Henriette Buddenbrook has already two other parents : [Gotthold Buddenbrook, Rosalie Stuewing]"
Jakob Kroeger,Henriette Buddenbrook,true,"Adding 'Jakob Kroeger' to parents list of 'Henriette Buddenbrook' should  fail
because Jakob Kroeger is younger than Henriette Buddenbrook"
Jakob Kroeger,Henriette Buddenbrook,true,"Adding 'Jakob Kroeger' to parents list of 'Henriette Buddenbrook' should  fail
because Henriette Buddenbrook has already two other parents : [Gotthold Buddenbrook, Rosalie Stuewing]"
Juergen Kroeger,Henriette Buddenbrook,true,"Adding 'Juergen Kroeger' to parents list of 'Henriette Buddenbrook' should  fail
because Juergen Kroeger is younger than Henriette Buddenbrook"
Juergen Kroeger,Henriette Buddenbrook,true,"Adding 'Juergen Kroeger' to parents list of 'Henriette Buddenbrook' should  fail
because Henriette Buddenbrook has already two other parents : [Gotthold Buddenbrook, Rosalie Stuewing]"
Rosalie Overdiek,Henriette Buddenbrook,true,"Adding 'Rosalie Overdiek' to parents list of 'Henriette Buddenbrook' should  fail
because Henriette Buddenbrook has already two other parents : [Gotthold Buddenbrook, Rosalie Stuewing]"
Catharina Kroeger,Henriette Buddenbrook,true,"Adding 'Catharina Kroeger' to parents list of 'Henriette Buddenbrook' should  fail
because Henriette Buddenbrook has already two other parents : [Gotthold Buddenbrook, Rosalie Stuewing]"
Johan Buddenbrook,Pfiffi Buddenbrook,true,"Adding 'Johan Buddenbrook' to parents list of 'Pfiffi Buddenbrook' should  fail
because Johan Buddenbrook is in parental line of Pfiffi Buddenbrook"
Johan Buddenbrook,Pfiffi Buddenbrook,true,"Adding 'Johan Buddenbrook' to parents list of 'Pfiffi Buddenbrook' should  fail
because Pfiffi Buddenbrook has already two other parents : [Gotthold Buddenbrook, Rosalie Stuewing]"
Alien Alien,Pfiffi Buddenbrook,true,"Adding 'Alien Alien' to parents list of 'Pfiffi Buddenbrook' should  fail
because Pfiffi Buddenbrook has already two other parents : [Gotthold Buddenbrook, Rosalie Stuewing]"
Johann Buddenbrook,Pfiffi Buddenbrook,true,"Adding 'Johann Buddenbrook' to parents list of 'Pfiffi Buddenbrook' should  fail
because Johann Buddenbrook is in parental line of Pfiffi Buddenbrook"
Johann Buddenbrook,Pfiffi Buddenbrook,true,"Adding 'Johann Buddenbrook' to parents list of 'Pfiffi Buddenbrook' should  fail
because Pfiffi Buddenbrook has already two other parents : [Gotthold Buddenbrook, Rosalie Stuewing]"
Bernhard Buddenbrook,Pfiffi Buddenbrook,true,"Adding 'Bernhard Buddenbrook' to parents list of 'Pfiffi Buddenbrook' should  fail
because Pfiffi Buddenbrook has already two other parents : [Gotthold Buddenbrook, Rosalie Stuewing]"
Josephine Buddenbrook,Pfiffi Buddenbrook,true,"Adding 'Josephine Buddenbrook' to parents list of 'Pfiffi Buddenbrook' should  fail
because Josephine Buddenbrook is in parental line of Pfiffi Buddenbrook"
Josephine Buddenbrook,Pfiffi Buddenbrook,true,"Adding 'Josephine Buddenbrook' to parents list of 'Pfiffi Buddenbrook' should  fail
because Pfiffi Buddenbrook has already two other parents : [Gotthold Buddenbrook, Rosalie Stuewing]"
Antoinette Duchamps,Pfiffi Buddenbrook,true,"Adding 'Antoinette Duchamps' to parents list of 'Pfiffi Buddenbrook' should  fail
because Pfiffi Buddenbrook has already two other parents : [Gotthold Buddenbrook, Rosalie Stuewing]"
Gotthold Buddenbrook,Pfiffi Buddenbrook,true,"Adding 'Gotthold Buddenbrook' to parents list of 'Pfiffi Buddenbrook' should  fail
because Gotthold Buddenbrook is already parent of Pfiffi Buddenbrook"
Gotthold Buddenbrook,Pfiffi Buddenbrook,true,"Adding 'Gotthold Buddenbrook' to parents list of 'Pfiffi Buddenbrook' should  fail
because Gotthold Buddenbrook is in parental line of Pfiffi Buddenbrook"
Gotthold Buddenbrook,Pfiffi Buddenbrook,true,"Adding 'Gotthold Buddenbrook' to parents list of 'Pfiffi Buddenbrook' should  fail
because Pfiffi Buddenbrook has already two other parents : [Gotthold Buddenbrook, Rosalie Stuewing]"
Rosalie Stuewing,Pfiffi Buddenbrook,true,"Adding 'Rosalie Stuewing' to parents list of 'Pfiffi Buddenbrook' should  fail
because Rosalie Stuewing is already parent of Pfiffi Buddenbrook"
Rosalie Stuewing,Pfiffi Buddenbrook,true,"Adding 'Rosalie Stuewing' to parents list of 'Pfiffi Buddenbrook' should  fail
because Rosalie Stuewing is in parental line of Pfiffi Buddenbrook"
Rosalie Stuewing,Pfiffi Buddenbrook,true,"Adding 'Rosalie Stuewing' to parents list of 'Pfiffi Buddenbrook' should  fail
because Pfiffi Buddenbrook has already two other parents : [Gotthold Buddenbrook, Rosalie Stuewing]"
Frederike Buddenbrook,Pfiffi Buddenbrook,true,"Adding 'Frederike Buddenbrook' to parents list of 'Pfiffi Buddenbrook' should  fail
because Frederike Buddenbrook is already sibling of Pfiffi Buddenbrook"
Frederike Buddenbrook,Pfiffi Buddenbrook,true,"Adding 'Frederike Buddenbrook' to parents list of 'Pfiffi Buddenbrook' should  fail
because Pfiffi Buddenbrook has already two other parents : [Gotthold Buddenbrook, Rosalie Stuewing]"
Henriette Buddenbrook,Pfiffi Buddenbrook,true,"Adding 'Henriette Buddenbrook' to parents list of 'Pfiffi Buddenbrook' should  fail
because Henriette Buddenbrook is already sibling of Pfiffi Buddenbrook"
Henriette Buddenbrook,Pfiffi Buddenbrook,true,"Adding 'Henriette Buddenbrook' to parents list of 'Pfiffi Buddenbrook' should  fail
because Pfiffi Buddenbrook has already two other parents : [Gotthold Buddenbrook, Rosalie Stuewing]"
Pfiffi Buddenbrook,Pfiffi Buddenbrook,true,"Adding 'Pfiffi Buddenbrook' to parents list of 'Pfiffi Buddenbrook' should  fail
because Persons are equal."
Pfiffi Buddenbrook,Pfiffi Buddenbrook,true,"Adding 'Pfiffi Buddenbrook' to parents list of 'Pfiffi Buddenbrook' should  fail
because Pfiffi Buddenbrook is already sibling of Pfiffi Buddenbrook"
Pfiffi Buddenbrook,Pfiffi Buddenbrook,true,"Adding 'Pfiffi Buddenbrook' to parents list of 'Pfiffi Buddenbrook' should  fail
because Pfiffi Buddenbrook has already two other parents : [Gotthold Buddenbrook, Rosalie Stuewing]"
Olly Buddenbrook,Pfiffi Buddenbrook,true,"Adding 'Olly Buddenbrook' to parents list of 'Pfiffi Buddenbrook' should  fail
because Pfiffi Buddenbrook has already two other parents : [Gotthold Buddenbrook, Rosalie Stuewing]"
Johann (Jean) Buddenbrook,Pfiffi Buddenbrook,true,"Adding 'Johann (Jean) Buddenbrook' to parents list of 'Pfiffi Buddenbrook' should  fail
because Pfiffi Buddenbrook has already two other parents : [Gotthold Buddenbrook, Rosalie Stuewing]"
Klothilde Buddenbrook,Pfiffi Buddenbrook,true,"Adding 'Klothilde Buddenbrook' to parents list of 'Pfiffi Buddenbrook' should  fail
because Klothilde Buddenbrook is younger than Pfiffi Buddenbrook"
Klothilde Buddenbrook,Pfiffi Buddenbrook,true,"Adding 'Klothilde Buddenbrook' to parents list of 'Pfiffi Buddenbrook' should  fail
because Pfiffi Buddenbrook has already two other parents : [Gotthold Buddenbrook, Rosalie Stuewing]"
Thomas Buddenbrook,Pfiffi Buddenbrook,true,"Adding 'Thomas Buddenbrook' to parents list of 'Pfiffi Buddenbrook' should  fail
because Thomas Buddenbrook is younger than Pfiffi Buddenbrook"
Thomas Buddenbrook,Pfiffi Buddenbrook,true,"Adding 'Thomas Buddenbrook' to parents list of 'Pfiffi Buddenbrook' should  fail
because Pfiffi Buddenbrook has already two other parents : [Gotthold Buddenbrook, Rosalie Stuewing]"
Antonie (Tony) Buddenbrook,Pfiffi Buddenbrook,true,"Adding 'Antonie (Tony) Buddenbrook' to parents list of 'Pfiffi Buddenbrook' should  fail
because Antonie (Tony) Buddenbrook is younger than Pfiffi Buddenbrook"
Antonie (Tony) Buddenbrook,Pfiffi Buddenbrook,true,"Adding 'Antonie (Tony) Buddenbrook' to parents list of 'Pfiffi Buddenbrook' should  fail
because Pfiffi Buddenbrook has already two other parents : [Gotthold Buddenbrook, Rosalie Stuewing]"
Christian Buddenbrook,Pfiffi Buddenbrook,true,"Adding 'Christian Buddenbrook' to parents list of 'Pfiffi Buddenbrook' should  fail
because Christian Buddenbrook is younger than Pfiffi Buddenbrook"
Christian Buddenbrook,Pfiffi Buddenbrook,true,"Adding 'Christian Buddenbrook' to parents list of 'Pfiffi Buddenbrook' should  fail
because Pfiffi Buddenbrook has already two other parents : [Gotthold Buddenbrook, Rosalie Stuewing]"
Clara Buddenbrook,Pfiffi Buddenbrook,true,"Adding 'Clara Buddenbrook' to parents list of 'Pfiffi Buddenbrook' should  fail
because Clara Buddenbrook is younger than Pfiffi Buddenbrook"
Clara Buddenbrook,Pfiffi Buddenbrook,true,"Adding 'Clara Buddenbrook' to parents list of 'Pfiffi Buddenbrook' should  fail
because Pfiffi Buddenbrook has already two other parents : [Gotthold Buddenbrook, Rosalie Stuewing]"
Hanno Buddenbrook,Pfiffi Buddenbrook,true,"Adding 'Hanno Buddenbrook' to parents list of 'Pfiffi Buddenbrook' should  fail
because Hanno Buddenbrook is younger than Pfiffi Buddenbrook"
Hanno Buddenbrook,Pfiffi Buddenbrook,true,"Adding 'Hanno Buddenbrook' to parents list of 'Pfiffi Buddenbrook' should  fail
because Pfiffi Buddenbrook has already two other parents : [Gotthold Buddenbrook, Rosalie Stuewing]"
Erika Gruenlich,Pfiffi Buddenbrook,true,"Adding 'Erika Gruenlich' to parents list of 'Pfiffi Buddenbrook' should  fail
because Erika Gruenlich is younger than Pfiffi Buddenbrook"
Erika Gruenlich,Pfiffi Buddenbrook,true,"Adding 'Erika Gruenlich' to parents list of 'Pfiffi Buddenbrook' should  fail
because Pfiffi Buddenbrook has already two other parents : [Gotthold Buddenbrook, Rosalie Stuewing]"
Elisabeth Weinschenk,Pfiffi Buddenbrook,true,"Adding 'Elisabeth Weinschenk' to parents list of 'Pfiffi Buddenbrook' should  fail
because Pfiffi Buddenbrook has already two other parents : [Gotthold Buddenbrook, Rosalie Stuewing]"
Hugo Weinschenk,Pfiffi Buddenbrook,true,"Adding 'Hugo Weinschenk' to parents list of 'Pfiffi Buddenbrook' should  fail
because Pfiffi Buddenbrook has already two other parents : [Gotthold Buddenbrook, Rosalie Stuewing]"
Alois Permaneder,Pfiffi Buddenbrook,true,"Adding 'Alois Permaneder' to parents list of 'Pfiffi Buddenbrook' should  fail
because Pfiffi Buddenbrook has already two other parents : [Gotthold Buddenbrook, Rosalie Stuewing]"
Bendix Gruenlich,Pfiffi Buddenbrook,true,"Adding 'Bendix Gruenlich' to parents list of 'Pfiffi Buddenbrook' should  fail
because Pfiffi Buddenbrook has already two other parents : [Gotthold Buddenbrook, Rosalie Stuewing]"
Gisela Buddenbrook,Pfiffi Buddenbrook,true,"Adding 'Gisela Buddenbrook' to parents list of 'Pfiffi Buddenbrook' should  fail
because Gisela Buddenbrook is younger than Pfiffi Buddenbrook"
Gisela Buddenbrook,Pfiffi Buddenbrook,true,"Adding 'Gisela Buddenbrook' to parents list of 'Pfiffi Buddenbrook' should  fail
because Pfiffi Buddenbrook has already two other parents : [Gotthold Buddenbrook, Rosalie Stuewing]"
Aline Puvogel,Pfiffi Buddenbrook,true,"Adding 'Aline Puvogel' to parents list of 'Pfiffi Buddenbrook' should  fail
because Pfiffi Buddenbrook has already two other parents : [Gotthold Buddenbrook, Rosalie Stuewing]"
Gerda Arnoldsen,Pfiffi Buddenbrook,true,"Adding 'Gerda Arnoldsen' to parents list of 'Pfiffi Buddenbrook' should  fail
because Gerda Arnoldsen is younger than Pfiffi Buddenbrook"
Gerda Arnoldsen,Pfiffi Buddenbrook,true,"Adding 'Gerda Arnoldsen' to parents list of 'Pfiffi Buddenbrook' should  fail
because Pfiffi Buddenbrook has already two other parents : [Gotthold Buddenbrook, Rosalie Stuewing]"
Sievert Tiburtius,Pfiffi Buddenbrook,true,"Adding 'Sievert Tiburtius' to parents list of 'Pfiffi Buddenbrook' should  fail
because Sievert Tiburtius is younger than Pfiffi Buddenbrook"
Sievert Tiburtius,Pfiffi Buddenbrook,true,"Adding 'Sievert Tiburtius' to parents list of 'Pfiffi Buddenbrook' should  fail
because Pfiffi Buddenbrook has already two other parents : [Gotthold Buddenbrook, Rosalie Stuewing]"
Leberecht Kroeger,Pfiffi Buddenbrook,true,"Adding 'Leberecht Kroeger' to parents list of 'Pfiffi Buddenbrook' should  fail
because Leberecht Kroeger is younger than Pfiffi Buddenbrook"
Leberecht Kroeger,Pfiffi Buddenbrook,true,"Adding 'Leberecht Kroeger' to parents list of 'Pfiffi Buddenbrook' should  fail
because Pfiffi Buddenbrook has already two other parents : [Gotthold Buddenbrook, Rosalie Stuewing]"
Elisabeth (Bethsy) Kroeger,Pfiffi Buddenbrook,true,"Adding 'Elisabeth (Bethsy) Kroeger' to parents list of 'Pfiffi Buddenbrook' should  fail
because Pfiffi Buddenbrook has already two other parents : [Gotthold Buddenbrook, Rosalie Stuewing]"
Justus Kroeger,Pfiffi Buddenbrook,true,"Adding 'Justus Kroeger' to parents list of 'Pfiffi Buddenbrook' should  fail
because Pfiffi Buddenbrook has already two other parents : [Gotthold Buddenbrook, Rosalie Stuewing]"
Jakob Kroeger,Pfiffi Buddenbrook,true,"Adding 'Jakob Kroeger' to parents list of 'Pfiffi Buddenbrook' should  fail
because Jakob Kroeger is younger than Pfiffi Buddenbrook"
Jakob Kroeger,Pfiffi Buddenbrook,true,"Adding 'Jakob Kroeger' to parents list of 'Pfiffi Buddenbrook' should  fail
because Pfiffi Buddenbrook has already two other parents : [Gotthold Buddenbrook, Rosalie Stuewing]"
Juergen Kroeger,Pfiffi Buddenbrook,true,"Adding 'Juergen Kroeger' to parents list of 'Pfiffi Buddenbrook' should  fail
because Juergen Kroeger is younger than Pfiffi Buddenbrook"
Juergen Kroeger,Pfiffi Buddenbrook,true,"Adding 'Juergen Kroeger' to parents list of 'Pfiffi Buddenbrook' should  fail
because Pfiffi Buddenbrook has already two other parents : [Gotthold Buddenbrook, Rosalie Stuewing]"
Rosalie Overdiek,Pfiffi Buddenbrook,true,"Adding 'Rosalie Overdiek' to parents list of 'Pfiffi Buddenbrook' should  fail
because Pfiffi Buddenbrook has already two other parents : [Gotthold Buddenbrook, Rosalie Stuewing]"
Catharina Kroeger,Pfiffi Buddenbrook,true,"Adding 'Catharina Kroeger' to parents list of 'Pfiffi Buddenbrook' should  fail
because Pfiffi Buddenbrook has already two other parents : [Gotthold Buddenbrook, Rosalie Stuewing]"
Johan Buddenbrook,Olly Buddenbrook,true,"Adding 'Johan Buddenbrook' to parents list of 'Olly Buddenbrook' should  fail
because Johan Buddenbrook is in parental line of Olly Buddenbrook"
Johan Buddenbrook,Olly Buddenbrook,true,"Adding 'Johan Buddenbrook' to parents list of 'Olly Buddenbrook' should  fail
because Olly Buddenbrook has already two other parents : [Johann Buddenbrook, Antoinette Duchamps]"
Alien Alien,Olly Buddenbrook,true,"Adding 'Alien Alien' to parents list of 'Olly Buddenbrook' should  fail
because Olly Buddenbrook has already two other parents : [Johann Buddenbrook, Antoinette Duchamps]"
Johann Buddenbrook,Olly Buddenbrook,true,"Adding 'Johann Buddenbrook' to parents list of 'Olly Buddenbrook' should  fail
because Johann Buddenbrook is already parent of Olly Buddenbrook"
Johann Buddenbrook,Olly Buddenbrook,true,"Adding 'Johann Buddenbrook' to parents list of 'Olly Buddenbrook' should  fail
because Johann Buddenbrook is in parental line of Olly Buddenbrook"
Johann Buddenbrook,Olly Buddenbrook,true,"Adding 'Johann Buddenbrook' to parents list of 'Olly Buddenbrook' should  fail
because Olly Buddenbrook has already two other parents : [Johann Buddenbrook, Antoinette Duchamps]"
Bernhard Buddenbrook,Olly Buddenbrook,true,"Adding 'Bernhard Buddenbrook' to parents list of 'Olly Buddenbrook' should  fail
because Olly Buddenbrook has already two other parents : [Johann Buddenbrook, Antoinette Duchamps]"
Josephine Buddenbrook,Olly Buddenbrook,true,"Adding 'Josephine Buddenbrook' to parents list of 'Olly Buddenbrook' should  fail
because Olly Buddenbrook has already two other parents : [Johann Buddenbrook, Antoinette Duchamps]"
Antoinette Duchamps,Olly Buddenbrook,true,"Adding 'Antoinette Duchamps' to parents list of 'Olly Buddenbrook' should  fail
because Antoinette Duchamps is already parent of Olly Buddenbrook"
Antoinette Duchamps,Olly Buddenbrook,true,"Adding 'Antoinette Duchamps' to parents list of 'Olly Buddenbrook' should  fail
because Antoinette Duchamps is in parental line of Olly Buddenbrook"
Antoinette Duchamps,Olly Buddenbrook,true,"Adding 'Antoinette Duchamps' to parents list of 'Olly Buddenbrook' should  fail
because Olly Buddenbrook has already two other parents : [Johann Buddenbrook, Antoinette Duchamps]"
Gotthold Buddenbrook,Olly Buddenbrook,true,"Adding 'Gotthold Buddenbrook' to parents list of 'Olly Buddenbrook' should  fail
because Gotthold Buddenbrook is already sibling of Olly Buddenbrook"
Gotthold Buddenbrook,Olly Buddenbrook,true,"Adding 'Gotthold Buddenbrook' to parents list of 'Olly Buddenbrook' should  fail
because Olly Buddenbrook has already two other parents : [Johann Buddenbrook, Antoinette Duchamps]"
Rosalie Stuewing,Olly Buddenbrook,true,"Adding 'Rosalie Stuewing' to parents list of 'Olly Buddenbrook' should  fail
because Olly Buddenbrook has already two other parents : [Johann Buddenbrook, Antoinette Duchamps]"
Frederike Buddenbrook,Olly Buddenbrook,true,"Adding 'Frederike Buddenbrook' to parents list of 'Olly Buddenbrook' should  fail
because Olly Buddenbrook has already two other parents : [Johann Buddenbrook, Antoinette Duchamps]"
Henriette Buddenbrook,Olly Buddenbrook,true,"Adding 'Henriette Buddenbrook' to parents list of 'Olly Buddenbrook' should  fail
because Olly Buddenbrook has already two other parents : [Johann Buddenbrook, Antoinette Duchamps]"
Pfiffi Buddenbrook,Olly Buddenbrook,true,"Adding 'Pfiffi Buddenbrook' to parents list of 'Olly Buddenbrook' should  fail
because Olly Buddenbrook has already two other parents : [Johann Buddenbrook, Antoinette Duchamps]"
Olly Buddenbrook,Olly Buddenbrook,true,"Adding 'Olly Buddenbrook' to parents list of 'Olly Buddenbrook' should  fail
because Persons are equal."
Olly Buddenbrook,Olly Buddenbrook,true,"Adding 'Olly Buddenbrook' to parents list of 'Olly Buddenbrook' should  fail
because Olly Buddenbrook is already sibling of Olly Buddenbrook"
Olly Buddenbrook,Olly Buddenbrook,true,"Adding 'Olly Buddenbrook' to parents list of 'Olly Buddenbrook' should  fail
because Olly Buddenbrook has already two other parents : [Johann Buddenbrook, Antoinette Duchamps]"
Johann (Jean) Buddenbrook,Olly Buddenbrook,true,"Adding 'Johann (Jean) Buddenbrook' to parents list of 'Olly Buddenbrook' should  fail
because Johann (Jean) Buddenbrook is already sibling of Olly Buddenbrook"
Johann (Jean) Buddenbrook,Olly Buddenbrook,true,"Adding 'Johann (Jean) Buddenbrook' to parents list of 'Olly Buddenbrook' should  fail
because Olly Buddenbrook has already two other parents : [Johann Buddenbrook, Antoinette Duchamps]"
Klothilde Buddenbrook,Olly Buddenbrook,true,"Adding 'Klothilde Buddenbrook' to parents list of 'Olly Buddenbrook' should  fail
because Olly Buddenbrook has already two other parents : [Johann Buddenbrook, Antoinette Duchamps]"
Thomas Buddenbrook,Olly Buddenbrook,true,"Adding 'Thomas Buddenbrook' to parents list of 'Olly Buddenbrook' should  fail
because Olly Buddenbrook has already two other parents : [Johann Buddenbrook, Antoinette Duchamps]"
Antonie (Tony) Buddenbrook,Olly Buddenbrook,true,"Adding 'Antonie (Tony) Buddenbrook' to parents list of 'Olly Buddenbrook' should  fail
because Olly Buddenbrook has already two other parents : [Johann Buddenbrook, Antoinette Duchamps]"
Christian Buddenbrook,Olly Buddenbrook,true,"Adding 'Christian Buddenbrook' to parents list of 'Olly Buddenbrook' should  fail
because Olly Buddenbrook has already two other parents : [Johann Buddenbrook, Antoinette Duchamps]"
Clara Buddenbrook,Olly Buddenbrook,true,"Adding 'Clara Buddenbrook' to parents list of 'Olly Buddenbrook' should  fail
because Olly Buddenbrook has already two other parents : [Johann Buddenbrook, Antoinette Duchamps]"
Hanno Buddenbrook,Olly Buddenbrook,true,"Adding 'Hanno Buddenbrook' to parents list of 'Olly Buddenbrook' should  fail
because Olly Buddenbrook has already two other parents : [Johann Buddenbrook, Antoinette Duchamps]"
Erika Gruenlich,Olly Buddenbrook,true,"Adding 'Erika Gruenlich' to parents list of 'Olly Buddenbrook' should  fail
because Olly Buddenbrook has already two other parents : [Johann Buddenbrook, Antoinette Duchamps]"
Elisabeth Weinschenk,Olly Buddenbrook,true,"Adding 'Elisabeth Weinschenk' to parents list of 'Olly Buddenbrook' should  fail
because Olly Buddenbrook has already two other parents : [Johann Buddenbrook, Antoinette Duchamps]"
Hugo Weinschenk,Olly Buddenbrook,true,"Adding 'Hugo Weinschenk' to parents list of 'Olly Buddenbrook' should  fail
because Olly Buddenbrook has already two other parents : [Johann Buddenbrook, Antoinette Duchamps]"
Alois Permaneder,Olly Buddenbrook,true,"Adding 'Alois Permaneder' to parents list of 'Olly Buddenbrook' should  fail
because Olly Buddenbrook has already two other parents : [Johann Buddenbrook, Antoinette Duchamps]"
Bendix Gruenlich,Olly Buddenbrook,true,"Adding 'Bendix Gruenlich' to parents list of 'Olly Buddenbrook' should  fail
because Olly Buddenbrook has already two other parents : [Johann Buddenbrook, Antoinette Duchamps]"
Gisela Buddenbrook,Olly Buddenbrook,true,"Adding 'Gisela Buddenbrook' to parents list of 'Olly Buddenbrook' should  fail
because Olly Buddenbrook has already two other parents : [Johann Buddenbrook, Antoinette Duchamps]"
Aline Puvogel,Olly Buddenbrook,true,"Adding 'Aline Puvogel' to parents list of 'Olly Buddenbrook' should  fail
because Olly Buddenbrook has already two other parents : [Johann Buddenbrook, Antoinette Duchamps]"
Gerda Arnoldsen,Olly Buddenbrook,true,"Adding 'Gerda Arnoldsen' to parents list of 'Olly Buddenbrook' should  fail
because Olly Buddenbrook has already two other parents : [Johann Buddenbrook, Antoinette Duchamps]"
Sievert Tiburtius,Olly Buddenbrook,true,"Adding 'Sievert Tiburtius' to parents list of 'Olly Buddenbrook' should  fail
because Olly Buddenbrook has already two other parents : [Johann Buddenbrook, Antoinette Duchamps]"
Leberecht Kroeger,Olly Buddenbrook,true,"Adding 'Leberecht Kroeger' to parents list of 'Olly Buddenbrook' should  fail
because Olly Buddenbrook has already two other parents : [Johann Buddenbrook, Antoinette Duchamps]"
Elisabeth (Bethsy) Kroeger,Olly Buddenbrook,true,"Adding 'Elisabeth (Bethsy) Kroeger' to parents list of 'Olly Buddenbrook' should  fail
because Olly Buddenbrook has already two other parents : [Johann Buddenbrook, Antoinette Duchamps]"
Justus Kroeger,Olly Buddenbrook,true,"Adding 'Justus Kroeger' to parents list of 'Olly Buddenbrook' should  fail
because Olly Buddenbrook has already two other parents : [Johann Buddenbrook, Antoinette Duchamps]"
Jakob Kroeger,Olly Buddenbrook,true,"Adding 'Jakob Kroeger' to parents list of 'Olly Buddenbrook' should  fail
because Olly Buddenbrook has already two other parents : [Johann Buddenbrook, Antoinette Duchamps]"
Juergen Kroeger,Olly Buddenbrook,true,"Adding 'Juergen Kroeger' to parents list of 'Olly Buddenbrook' should  fail
because Olly Buddenbrook has already two other parents : [Johann Buddenbrook, Antoinette Duchamps]"
Rosalie Overdiek,Olly Buddenbrook,true,"Adding 'Rosalie Overdiek' to parents list of 'Olly Buddenbrook' should  fail
because Olly Buddenbrook has already two other parents : [Johann Buddenbrook, Antoinette Duchamps]"
Catharina Kroeger,Olly Buddenbrook,true,"Adding 'Catharina Kroeger' to parents list of 'Olly Buddenbrook' should  fail
because Olly Buddenbrook has already two other parents : [Johann Buddenbrook, Antoinette Duchamps]"
Johan Buddenbrook,Johann (Jean) Buddenbrook,true,"Adding 'Johan Buddenbrook' to parents list of 'Johann (Jean) Buddenbrook' should  fail
because Johan Buddenbrook is in parental line of Johann (Jean) Buddenbrook"
Johan Buddenbrook,Johann (Jean) Buddenbrook,true,"Adding 'Johan Buddenbrook' to parents list of 'Johann (Jean) Buddenbrook' should  fail
because Johann (Jean) Buddenbrook has already two other parents : [Johann Buddenbrook, Antoinette Duchamps]"
Alien Alien,Johann (Jean) Buddenbrook,true,"Adding 'Alien Alien' to parents list of 'Johann (Jean) Buddenbrook' should  fail
because Johann (Jean) Buddenbrook has already two other parents : [Johann Buddenbrook, Antoinette Duchamps]"
Johann Buddenbrook,Johann (Jean) Buddenbrook,true,"Adding 'Johann Buddenbrook' to parents list of 'Johann (Jean) Buddenbrook' should  fail
because Johann Buddenbrook is already parent of Johann (Jean) Buddenbrook"
Johann Buddenbrook,Johann (Jean) Buddenbrook,true,"Adding 'Johann Buddenbrook' to parents list of 'Johann (Jean) Buddenbrook' should  fail
because Johann Buddenbrook is in parental line of Johann (Jean) Buddenbrook"
Johann Buddenbrook,Johann (Jean) Buddenbrook,true,"Adding 'Johann Buddenbrook' to parents list of 'Johann (Jean) Buddenbrook' should  fail
because Johann (Jean) Buddenbrook has already two other parents : [Johann Buddenbrook, Antoinette Duchamps]"
Bernhard Buddenbrook,Johann (Jean) Buddenbrook,true,"Adding 'Bernhard Buddenbrook' to parents list of 'Johann (Jean) Buddenbrook' should  fail
because Johann (Jean) Buddenbrook has already two other parents : [Johann Buddenbrook, Antoinette Duchamps]"
Josephine Buddenbrook,Johann (Jean) Buddenbrook,true,"Adding 'Josephine Buddenbrook' to parents list of 'Johann (Jean) Buddenbrook' should  fail
because Johann (Jean) Buddenbrook has already two other parents : [Johann Buddenbrook, Antoinette Duchamps]"
Antoinette Duchamps,Johann (Jean) Buddenbrook,true,"Adding 'Antoinette Duchamps' to parents list of 'Johann (Jean) Buddenbrook' should  fail
because Antoinette Duchamps is already parent of Johann (Jean) Buddenbrook"
Antoinette Duchamps,Johann (Jean) Buddenbrook,true,"Adding 'Antoinette Duchamps' to parents list of 'Johann (Jean) Buddenbrook' should  fail
because Antoinette Duchamps is in parental line of Johann (Jean) Buddenbrook"
Antoinette Duchamps,Johann (Jean) Buddenbrook,true,"Adding 'Antoinette Duchamps' to parents list of 'Johann (Jean) Buddenbrook' should  fail
because Johann (Jean) Buddenbrook has already two other parents : [Johann Buddenbrook, Antoinette Duchamps]"
Gotthold Buddenbrook,Johann (Jean) Buddenbrook,true,"Adding 'Gotthold Buddenbrook' to parents list of 'Johann (Jean) Buddenbrook' should  fail
because Gotthold Buddenbrook is already sibling of Johann (Jean) Buddenbrook"
Gotthold Buddenbrook,Johann (Jean) Buddenbrook,true,"Adding 'Gotthold Buddenbrook' to parents list of 'Johann (Jean) Buddenbrook' should  fail
because Johann (Jean) Buddenbrook has already two other parents : [Johann Buddenbrook, Antoinette Duchamps]"
Rosalie Stuewing,Johann (Jean) Buddenbrook,true,"Adding 'Rosalie Stuewing' to parents list of 'Johann (Jean) Buddenbrook' should  fail
because Johann (Jean) Buddenbrook has already two other parents : [Johann Buddenbrook, Antoinette Duchamps]"
Frederike Buddenbrook,Johann (Jean) Buddenbrook,true,"Adding 'Frederike Buddenbrook' to parents list of 'Johann (Jean) Buddenbrook' should  fail
because Frederike Buddenbrook is younger than Johann (Jean) Buddenbrook"
Frederike Buddenbrook,Johann (Jean) Buddenbrook,true,"Adding 'Frederike Buddenbrook' to parents list of 'Johann (Jean) Buddenbrook' should  fail
because Johann (Jean) Buddenbrook has already two other parents : [Johann Buddenbrook, Antoinette Duchamps]"
Henriette Buddenbrook,Johann (Jean) Buddenbrook,true,"Adding 'Henriette Buddenbrook' to parents list of 'Johann (Jean) Buddenbrook' should  fail
because Henriette Buddenbrook is younger than Johann (Jean) Buddenbrook"
Henriette Buddenbrook,Johann (Jean) Buddenbrook,true,"Adding 'Henriette Buddenbrook' to parents list of 'Johann (Jean) Buddenbrook' should  fail
because Johann (Jean) Buddenbrook has already two other parents : [Johann Buddenbrook, Antoinette Duchamps]"
Pfiffi Buddenbrook,Johann (Jean) Buddenbrook,true,"Adding 'Pfiffi Buddenbrook' to parents list of 'Johann (Jean) Buddenbrook' should  fail
because Pfiffi Buddenbrook is younger than Johann (Jean) Buddenbrook"
Pfiffi Buddenbrook,Johann (Jean) Buddenbrook,true,"Adding 'Pfiffi Buddenbrook' to parents list of 'Johann (Jean) Buddenbrook' should  fail
because Johann (Jean) Buddenbrook has already two other parents : [Johann Buddenbrook, Antoinette Duchamps]"
Olly Buddenbrook,Johann (Jean) Buddenbrook,true,"Adding 'Olly Buddenbrook' to parents list of 'Johann (Jean) Buddenbrook' should  fail
because Olly Buddenbrook is already sibling of Johann (Jean) Buddenbrook"
Olly Buddenbrook,Johann (Jean) Buddenbrook,true,"Adding 'Olly Buddenbrook' to parents list of 'Johann (Jean) Buddenbrook' should  fail
because Johann (Jean) Buddenbrook has already two other parents : [Johann Buddenbrook, Antoinette Duchamps]"
Johann (Jean) Buddenbrook,Johann (Jean) Buddenbrook,true,"Adding 'Johann (Jean) Buddenbrook' to parents list of 'Johann (Jean) Buddenbrook' should  fail
because Persons are equal."
Johann (Jean) Buddenbrook,Johann (Jean) Buddenbrook,true,"Adding 'Johann (Jean) Buddenbrook' to parents list of 'Johann (Jean) Buddenbrook' should  fail
because Johann (Jean) Buddenbrook is already sibling of Johann (Jean) Buddenbrook"
Johann (Jean) Buddenbrook,Johann (Jean) Buddenbrook,true,"Adding 'Johann (Jean) Buddenbrook' to parents list of 'Johann (Jean) Buddenbrook' should  fail
because Johann (Jean) Buddenbrook has already two other parents : [Johann Buddenbrook, Antoinette Duchamps]"
Klothilde Buddenbrook,Johann (Jean) Buddenbrook,true,"Adding 'Klothilde Buddenbrook' to parents list of 'Johann (Jean) Buddenbrook' should  fail
because Klothilde Buddenbrook is younger than Johann (Jean) Buddenbrook"
Klothilde Buddenbrook,Johann (Jean) Buddenbrook,true,"Adding 'Klothilde Buddenbrook' to parents list of 'Johann (Jean) Buddenbrook' should  fail
because Johann (Jean) Buddenbrook has already two other parents : [Johann Buddenbrook, Antoinette Duchamps]"
Thomas Buddenbrook,Johann (Jean) Buddenbrook,true,"Adding 'Thomas Buddenbrook' to parents list of 'Johann (Jean) Buddenbrook' should  fail
because Thomas Buddenbrook is younger than Johann (Jean) Buddenbrook"
Thomas Buddenbrook,Johann (Jean) Buddenbrook,true,"Adding 'Thomas Buddenbrook' to parents list of 'Johann (Jean) Buddenbrook' should  fail
because Thomas Buddenbrook is already child of Johann (Jean) Buddenbrook"
Thomas Buddenbrook,Johann (Jean) Buddenbrook,true,"Adding 'Thomas Buddenbrook' to parents list of 'Johann (Jean) Buddenbrook' should  fail
because Thomas Buddenbrook is in children's line of Johann (Jean) Buddenbrook"
Thomas Buddenbrook,Johann (Jean) Buddenbrook,true,"Adding 'Thomas Buddenbrook' to parents list of 'Johann (Jean) Buddenbrook' should  fail
because Johann (Jean) Buddenbrook has already two other parents : [Johann Buddenbrook, Antoinette Duchamps]"
Antonie (Tony) Buddenbrook,Johann (Jean) Buddenbrook,true,"Adding 'Antonie (Tony) Buddenbrook' to parents list of 'Johann (Jean) Buddenbrook' should  fail
because Antonie (Tony) Buddenbrook is younger than Johann (Jean) Buddenbrook"
Antonie (Tony) Buddenbrook,Johann (Jean) Buddenbrook,true,"Adding 'Antonie (Tony) Buddenbrook' to parents list of 'Johann (Jean) Buddenbrook' should  fail
because Antonie (Tony) Buddenbrook is already child of Johann (Jean) Buddenbrook"
Antonie (Tony) Buddenbrook,Johann (Jean) Buddenbrook,true,"Adding 'Antonie (Tony) Buddenbrook' to parents list of 'Johann (Jean) Buddenbrook' should  fail
because Antonie (Tony) Buddenbrook is in children's line of Johann (Jean) Buddenbrook"
Antonie (Tony) Buddenbrook,Johann (Jean) Buddenbrook,true,"Adding 'Antonie (Tony) Buddenbrook' to parents list of 'Johann (Jean) Buddenbrook' should  fail
because Johann (Jean) Buddenbrook has already two other parents : [Johann Buddenbrook, Antoinette Duchamps]"
Christian Buddenbrook,Johann (Jean) Buddenbrook,true,"Adding 'Christian Buddenbrook' to parents list of 'Johann (Jean) Buddenbrook' should  fail
because Christian Buddenbrook is younger than Johann (Jean) Buddenbrook"
Christian Buddenbrook,Johann (Jean) Buddenbrook,true,"Adding 'Christian Buddenbrook' to parents list of 'Johann (Jean) Buddenbrook' should  fail
because Christian Buddenbrook is already child of Johann (Jean) Buddenbrook"
Christian Buddenbrook,Johann (Jean) Buddenbrook,true,"Adding 'Christian Buddenbrook' to parents list of 'Johann (Jean) Buddenbrook' should  fail
because Christian Buddenbrook is in children's line of Johann (Jean) Buddenbrook"
Christian Buddenbrook,Johann (Jean) Buddenbrook,true,"Adding 'Christian Buddenbrook' to parents list of 'Johann (Jean) Buddenbrook' should  fail
because Johann (Jean) Buddenbrook has already two other parents : [Johann Buddenbrook, Antoinette Duchamps]"
Clara Buddenbrook,Johann (Jean) Buddenbrook,true,"Adding 'Clara Buddenbrook' to parents list of 'Johann (Jean) Buddenbrook' should  fail
because Clara Buddenbrook is younger than Johann (Jean) Buddenbrook"
Clara Buddenbrook,Johann (Jean) Buddenbrook,true,"Adding 'Clara Buddenbrook' to parents list of 'Johann (Jean) Buddenbrook' should  fail
because Clara Buddenbrook is already child of Johann (Jean) Buddenbrook"
Clara Buddenbrook,Johann (Jean) Buddenbrook,true,"Adding 'Clara Buddenbrook' to parents list of 'Johann (Jean) Buddenbrook' should  fail
because Clara Buddenbrook is in children's line of Johann (Jean) Buddenbrook"
Clara Buddenbrook,Johann (Jean) Buddenbrook,true,"Adding 'Clara Buddenbrook' to parents list of 'Johann (Jean) Buddenbrook' should  fail
because Johann (Jean) Buddenbrook has already two other parents : [Johann Buddenbrook, Antoinette Duchamps]"
Hanno Buddenbrook,Johann (Jean) Buddenbrook,true,"Adding 'Hanno Buddenbrook' to parents list of 'Johann (Jean) Buddenbrook' should  fail
because Hanno Buddenbrook is younger than Johann (Jean) Buddenbrook"
Hanno Buddenbrook,Johann (Jean) Buddenbrook,true,"Adding 'Hanno Buddenbrook' to parents list of 'Johann (Jean) Buddenbrook' should  fail
because Hanno Buddenbrook is in children's line of Johann (Jean) Buddenbrook"
Hanno Buddenbrook,Johann (Jean) Buddenbrook,true,"Adding 'Hanno Buddenbrook' to parents list of 'Johann (Jean) Buddenbrook' should  fail
because Johann (Jean) Buddenbrook has already two other parents : [Johann Buddenbrook, Antoinette Duchamps]"
Erika Gruenlich,Johann (Jean) Buddenbrook,true,"Adding 'Erika Gruenlich' to parents list of 'Johann (Jean) Buddenbrook' should  fail
because Erika Gruenlich is younger than Johann (Jean) Buddenbrook"
Erika Gruenlich,Johann (Jean) Buddenbrook,true,"Adding 'Erika Gruenlich' to parents list of 'Johann (Jean) Buddenbrook' should  fail
because Erika Gruenlich is in children's line of Johann (Jean) Buddenbrook"
Erika Gruenlich,Johann (Jean) Buddenbrook,true,"Adding 'Erika Gruenlich' to parents list of 'Johann (Jean) Buddenbrook' should  fail
because Johann (Jean) Buddenbrook has already two other parents : [Johann Buddenbrook, Antoinette Duchamps]"
Elisabeth Weinschenk,Johann (Jean) Buddenbrook,true,"Adding 'Elisabeth Weinschenk' to parents list of 'Johann (Jean) Buddenbrook' should  fail
because Elisabeth Weinschenk is in children's line of Johann (Jean) Buddenbrook"
Elisabeth Weinschenk,Johann (Jean) Buddenbrook,true,"Adding 'Elisabeth Weinschenk' to parents list of 'Johann (Jean) Buddenbrook' should  fail
because Johann (Jean) Buddenbrook has already two other parents : [Johann Buddenbrook, Antoinette Duchamps]"
Hugo Weinschenk,Johann (Jean) Buddenbrook,true,"Adding 'Hugo Weinschenk' to parents list of 'Johann (Jean) Buddenbrook' should  fail
because Johann (Jean) Buddenbrook has already two other parents : [Johann Buddenbrook, Antoinette Duchamps]"
Alois Permaneder,Johann (Jean) Buddenbrook,true,"Adding 'Alois Permaneder' to parents list of 'Johann (Jean) Buddenbrook' should  fail
because Johann (Jean) Buddenbrook has already two other parents : [Johann Buddenbrook, Antoinette Duchamps]"
Bendix Gruenlich,Johann (Jean) Buddenbrook,true,"Adding 'Bendix Gruenlich' to parents list of 'Johann (Jean) Buddenbrook' should  fail
because Johann (Jean) Buddenbrook has already two other parents : [Johann Buddenbrook, Antoinette Duchamps]"
Gisela Buddenbrook,Johann (Jean) Buddenbrook,true,"Adding 'Gisela Buddenbrook' to parents list of 'Johann (Jean) Buddenbrook' should  fail
because Gisela Buddenbrook is younger than Johann (Jean) Buddenbrook"
Gisela Buddenbrook,Johann (Jean) Buddenbrook,true,"Adding 'Gisela Buddenbrook' to parents list of 'Johann (Jean) Buddenbrook' should  fail
because Gisela Buddenbrook is in children's line of Johann (Jean) Buddenbrook"
Gisela Buddenbrook,Johann (Jean) Buddenbrook,true,"Adding 'Gisela Buddenbrook' to parents list of 'Johann (Jean) Buddenbrook' should  fail
because Johann (Jean) Buddenbrook has already two other parents : [Johann Buddenbrook, Antoinette Duchamps]"
Aline Puvogel,Johann (Jean) Buddenbrook,true,"Adding 'Aline Puvogel' to parents list of 'Johann (Jean) Buddenbrook' should  fail
because Johann (Jean) Buddenbrook has already two other parents : [Johann Buddenbrook, Antoinette Duchamps]"
Gerda Arnoldsen,Johann (Jean) Buddenbrook,true,"Adding 'Gerda Arnoldsen' to parents list of 'Johann (Jean) Buddenbrook' should  fail
because Gerda Arnoldsen is younger than Johann (Jean) Buddenbrook"
Gerda Arnoldsen,Johann (Jean) Buddenbrook,true,"Adding 'Gerda Arnoldsen' to parents list of 'Johann (Jean) Buddenbrook' should  fail
because Johann (Jean) Buddenbrook has already two other parents : [Johann Buddenbrook, Antoinette Duchamps]"
Sievert Tiburtius,Johann (Jean) Buddenbrook,true,"Adding 'Sievert Tiburtius' to parents list of 'Johann (Jean) Buddenbrook' should  fail
because Sievert Tiburtius is younger than Johann (Jean) Buddenbrook"
Sievert Tiburtius,Johann (Jean) Buddenbrook,true,"Adding 'Sievert Tiburtius' to parents list of 'Johann (Jean) Buddenbrook' should  fail
because Johann (Jean) Buddenbrook has already two other parents : [Johann Buddenbrook, Antoinette Duchamps]"
Leberecht Kroeger,Johann (Jean) Buddenbrook,true,"Adding 'Leberecht Kroeger' to parents list of 'Johann (Jean) Buddenbrook' should  fail
because Leberecht Kroeger is younger than Johann (Jean) Buddenbrook"
Leberecht Kroeger,Johann (Jean) Buddenbrook,true,"Adding 'Leberecht Kroeger' to parents list of 'Johann (Jean) Buddenbrook' should  fail
because Johann (Jean) Buddenbrook has already two other parents : [Johann Buddenbrook, Antoinette Duchamps]"
Elisabeth (Bethsy) Kroeger,Johann (Jean) Buddenbrook,true,"Adding 'Elisabeth (Bethsy) Kroeger' to parents list of 'Johann (Jean) Buddenbrook' should  fail
because Elisabeth (Bethsy) Kroeger is already spouse of Johann (Jean) Buddenbrook"
Elisabeth (Bethsy) Kroeger,Johann (Jean) Buddenbrook,true,"Adding 'Elisabeth (Bethsy) Kroeger' to parents list of 'Johann (Jean) Buddenbrook' should  fail
because Elisabeth (Bethsy) Kroeger is younger than Johann (Jean) Buddenbrook"
Elisabeth (Bethsy) Kroeger,Johann (Jean) Buddenbrook,true,"Adding 'Elisabeth (Bethsy) Kroeger' to parents list of 'Johann (Jean) Buddenbrook' should  fail
because Johann (Jean) Buddenbrook has already two other parents : [Johann Buddenbrook, Antoinette Duchamps]"
Justus Kroeger,Johann (Jean) Buddenbrook,true,"Adding 'Justus Kroeger' to parents list of 'Johann (Jean) Buddenbrook' should  fail
because Johann (Jean) Buddenbrook has already two other parents : [Johann Buddenbrook, Antoinette Duchamps]"
Jakob Kroeger,Johann (Jean) Buddenbrook,true,"Adding 'Jakob Kroeger' to parents list of 'Johann (Jean) Buddenbrook' should  fail
because Jakob Kroeger is younger than Johann (Jean) Buddenbrook"
Jakob Kroeger,Johann (Jean) Buddenbrook,true,"Adding 'Jakob Kroeger' to parents list of 'Johann (Jean) Buddenbrook' should  fail
because Johann (Jean) Buddenbrook has already two other parents : [Johann Buddenbrook, Antoinette Duchamps]"
Juergen Kroeger,Johann (Jean) Buddenbrook,true,"Adding 'Juergen Kroeger' to parents list of 'Johann (Jean) Buddenbrook' should  fail
because Juergen Kroeger is younger than Johann (Jean) Buddenbrook"
Juergen Kroeger,Johann (Jean) Buddenbrook,true,"Adding 'Juergen Kroeger' to parents list of 'Johann (Jean) Buddenbrook' should  fail
because Johann (Jean) Buddenbrook has already two other parents : [Johann Buddenbrook, Antoinette Duchamps]"
Rosalie Overdiek,Johann (Jean) Buddenbrook,true,"Adding 'Rosalie Overdiek' to parents list of 'Johann (Jean) Buddenbrook' should  fail
because Johann (Jean) Buddenbrook has already two other parents : [Johann Buddenbrook, Antoinette Duchamps]"
Catharina Kroeger,Johann (Jean) Buddenbrook,true,"Adding 'Catharina Kroeger' to parents list of 'Johann (Jean) Buddenbrook' should  fail
because Johann (Jean) Buddenbrook has already two other parents : [Johann Buddenbrook, Antoinette Duchamps]"
Johan Buddenbrook,Klothilde Buddenbrook,true,"Adding 'Johan Buddenbrook' to parents list of 'Klothilde Buddenbrook' should  fail
because Johan Buddenbrook is in parental line of Klothilde Buddenbrook"
Alien Alien,Klothilde Buddenbrook,false,"Adding 'Alien Alien' to parents list of 'Klothilde Buddenbrook' should NOT fail
because Aspirant is alien"
Bernhard Buddenbrook,Klothilde Buddenbrook,true,"Adding 'Bernhard Buddenbrook' to parents list of 'Klothilde Buddenbrook' should  fail
because Bernhard Buddenbrook is already parent of Klothilde Buddenbrook"
Bernhard Buddenbrook,Klothilde Buddenbrook,true,"Adding 'Bernhard Buddenbrook' to parents list of 'Klothilde Buddenbrook' should  fail
because Bernhard Buddenbrook is in parental line of Klothilde Buddenbrook"
Klothilde Buddenbrook,Klothilde Buddenbrook,true,"Adding 'Klothilde Buddenbrook' to parents list of 'Klothilde Buddenbrook' should  fail
because Persons are equal."
Klothilde Buddenbrook,Klothilde Buddenbrook,true,"Adding 'Klothilde Buddenbrook' to parents list of 'Klothilde Buddenbrook' should  fail
because Klothilde Buddenbrook is already sibling of Klothilde Buddenbrook"
Christian Buddenbrook,Klothilde Buddenbrook,true,"Adding 'Christian Buddenbrook' to parents list of 'Klothilde Buddenbrook' should  fail
because Christian Buddenbrook is younger than Klothilde Buddenbrook"
Clara Buddenbrook,Klothilde Buddenbrook,true,"Adding 'Clara Buddenbrook' to parents list of 'Klothilde Buddenbrook' should  fail
because Clara Buddenbrook is younger than Klothilde Buddenbrook"
Hanno Buddenbrook,Klothilde Buddenbrook,true,"Adding 'Hanno Buddenbrook' to parents list of 'Klothilde Buddenbrook' should  fail
because Hanno Buddenbrook is younger than Klothilde Buddenbrook"
Erika Gruenlich,Klothilde Buddenbrook,true,"Adding 'Erika Gruenlich' to parents list of 'Klothilde Buddenbrook' should  fail
because Erika Gruenlich is younger than Klothilde Buddenbrook"
Gisela Buddenbrook,Klothilde Buddenbrook,true,"Adding 'Gisela Buddenbrook' to parents list of 'Klothilde Buddenbrook' should  fail
because Gisela Buddenbrook is younger than Klothilde Buddenbrook"
Gerda Arnoldsen,Klothilde Buddenbrook,true,"Adding 'Gerda Arnoldsen' to parents list of 'Klothilde Buddenbrook' should  fail
because Gerda Arnoldsen is younger than Klothilde Buddenbrook"
Sievert Tiburtius,Klothilde Buddenbrook,true,"Adding 'Sievert Tiburtius' to parents list of 'Klothilde Buddenbrook' should  fail
because Sievert Tiburtius is younger than Klothilde Buddenbrook"
Leberecht Kroeger,Klothilde Buddenbrook,true,"Adding 'Leberecht Kroeger' to parents list of 'Klothilde Buddenbrook' should  fail
because Leberecht Kroeger is younger than Klothilde Buddenbrook"
Jakob Kroeger,Klothilde Buddenbrook,true,"Adding 'Jakob Kroeger' to parents list of 'Klothilde Buddenbrook' should  fail
because Jakob Kroeger is younger than Klothilde Buddenbrook"
Johan Buddenbrook,Thomas Buddenbrook,true,"Adding 'Johan Buddenbrook' to parents list of 'Thomas Buddenbrook' should  fail
because Johan Buddenbrook is in parental line of Thomas Buddenbrook"
Johan Buddenbrook,Thomas Buddenbrook,true,"Adding 'Johan Buddenbrook' to parents list of 'Thomas Buddenbrook' should  fail
because Thomas Buddenbrook has already two other parents : [Johann (Jean) Buddenbrook, Elisabeth (Bethsy) Kroeger]"
Alien Alien,Thomas Buddenbrook,true,"Adding 'Alien Alien' to parents list of 'Thomas Buddenbrook' should  fail
because Thomas Buddenbrook has already two other parents : [Johann (Jean) Buddenbrook, Elisabeth (Bethsy) Kroeger]"
Johann Buddenbrook,Thomas Buddenbrook,true,"Adding 'Johann Buddenbrook' to parents list of 'Thomas Buddenbrook' should  fail
because Johann Buddenbrook is in parental line of Thomas Buddenbrook"
Johann Buddenbrook,Thomas Buddenbrook,true,"Adding 'Johann Buddenbrook' to parents list of 'Thomas Buddenbrook' should  fail
because Thomas Buddenbrook has already two other parents : [Johann (Jean) Buddenbrook, Elisabeth (Bethsy) Kroeger]"
Bernhard Buddenbrook,Thomas Buddenbrook,true,"Adding 'Bernhard Buddenbrook' to parents list of 'Thomas Buddenbrook' should  fail
because Thomas Buddenbrook has already two other parents : [Johann (Jean) Buddenbrook, Elisabeth (Bethsy) Kroeger]"
Josephine Buddenbrook,Thomas Buddenbrook,true,"Adding 'Josephine Buddenbrook' to parents list of 'Thomas Buddenbrook' should  fail
because Thomas Buddenbrook has already two other parents : [Johann (Jean) Buddenbrook, Elisabeth (Bethsy) Kroeger]"
Antoinette Duchamps,Thomas Buddenbrook,true,"Adding 'Antoinette Duchamps' to parents list of 'Thomas Buddenbrook' should  fail
because Antoinette Duchamps is in parental line of Thomas Buddenbrook"
Antoinette Duchamps,Thomas Buddenbrook,true,"Adding 'Antoinette Duchamps' to parents list of 'Thomas Buddenbrook' should  fail
because Thomas Buddenbrook has already two other parents : [Johann (Jean) Buddenbrook, Elisabeth (Bethsy) Kroeger]"
Gotthold Buddenbrook,Thomas Buddenbrook,true,"Adding 'Gotthold Buddenbrook' to parents list of 'Thomas Buddenbrook' should  fail
because Thomas Buddenbrook has already two other parents : [Johann (Jean) Buddenbrook, Elisabeth (Bethsy) Kroeger]"
Rosalie Stuewing,Thomas Buddenbrook,true,"Adding 'Rosalie Stuewing' to parents list of 'Thomas Buddenbrook' should  fail
because Thomas Buddenbrook has already two other parents : [Johann (Jean) Buddenbrook, Elisabeth (Bethsy) Kroeger]"
Frederike Buddenbrook,Thomas Buddenbrook,true,"Adding 'Frederike Buddenbrook' to parents list of 'Thomas Buddenbrook' should  fail
because Thomas Buddenbrook has already two other parents : [Johann (Jean) Buddenbrook, Elisabeth (Bethsy) Kroeger]"
Henriette Buddenbrook,Thomas Buddenbrook,true,"Adding 'Henriette Buddenbrook' to parents list of 'Thomas Buddenbrook' should  fail
because Thomas Buddenbrook has already two other parents : [Johann (Jean) Buddenbrook, Elisabeth (Bethsy) Kroeger]"
Pfiffi Buddenbrook,Thomas Buddenbrook,true,"Adding 'Pfiffi Buddenbrook' to parents list of 'Thomas Buddenbrook' should  fail
because Thomas Buddenbrook has already two other parents : [Johann (Jean) Buddenbrook, Elisabeth (Bethsy) Kroeger]"
Olly Buddenbrook,Thomas Buddenbrook,true,"Adding 'Olly Buddenbrook' to parents list of 'Thomas Buddenbrook' should  fail
because Thomas Buddenbrook has already two other parents : [Johann (Jean) Buddenbrook, Elisabeth (Bethsy) Kroeger]"
Johann (Jean) Buddenbrook,Thomas Buddenbrook,true,"Adding 'Johann (Jean) Buddenbrook' to parents list of 'Thomas Buddenbrook' should  fail
because Johann (Jean) Buddenbrook is already parent of Thomas Buddenbrook"
Johann (Jean) Buddenbrook,Thomas Buddenbrook,true,"Adding 'Johann (Jean) Buddenbrook' to parents list of 'Thomas Buddenbrook' should  fail
because Johann (Jean) Buddenbrook is in parental line of Thomas Buddenbrook"
Johann (Jean) Buddenbrook,Thomas Buddenbrook,true,"Adding 'Johann (Jean) Buddenbrook' to parents list of 'Thomas Buddenbrook' should  fail
because Thomas Buddenbrook has already two other parents : [Johann (Jean) Buddenbrook, Elisabeth (Bethsy) Kroeger]"
Klothilde Buddenbrook,Thomas Buddenbrook,true,"Adding 'Klothilde Buddenbrook' to parents list of 'Thomas Buddenbrook' should  fail
because Klothilde Buddenbrook is younger than Thomas Buddenbrook"
Klothilde Buddenbrook,Thomas Buddenbrook,true,"Adding 'Klothilde Buddenbrook' to parents list of 'Thomas Buddenbrook' should  fail
because Thomas Buddenbrook has already two other parents : [Johann (Jean) Buddenbrook, Elisabeth (Bethsy) Kroeger]"
Thomas Buddenbrook,Thomas Buddenbrook,true,"Adding 'Thomas Buddenbrook' to parents list of 'Thomas Buddenbrook' should  fail
because Persons are equal."
Thomas Buddenbrook,Thomas Buddenbrook,true,"Adding 'Thomas Buddenbrook' to parents list of 'Thomas Buddenbrook' should  fail
because Thomas Buddenbrook is already sibling of Thomas Buddenbrook"
Thomas Buddenbrook,Thomas Buddenbrook,true,"Adding 'Thomas Buddenbrook' to parents list of 'Thomas Buddenbrook' should  fail
because Thomas Buddenbrook has already two other parents : [Johann (Jean) Buddenbrook, Elisabeth (Bethsy) Kroeger]"
Antonie (Tony) Buddenbrook,Thomas Buddenbrook,true,"Adding 'Antonie (Tony) Buddenbrook' to parents list of 'Thomas Buddenbrook' should  fail
because Antonie (Tony) Buddenbrook is already sibling of Thomas Buddenbrook"
Antonie (Tony) Buddenbrook,Thomas Buddenbrook,true,"Adding 'Antonie (Tony) Buddenbrook' to parents list of 'Thomas Buddenbrook' should  fail
because Antonie (Tony) Buddenbrook is younger than Thomas Buddenbrook"
Antonie (Tony) Buddenbrook,Thomas Buddenbrook,true,"Adding 'Antonie (Tony) Buddenbrook' to parents list of 'Thomas Buddenbrook' should  fail
because Thomas Buddenbrook has already two other parents : [Johann (Jean) Buddenbrook, Elisabeth (Bethsy) Kroeger]"
Christian Buddenbrook,Thomas Buddenbrook,true,"Adding 'Christian Buddenbrook' to parents list of 'Thomas Buddenbrook' should  fail
because Christian Buddenbrook is already sibling of Thomas Buddenbrook"
Christian Buddenbrook,Thomas Buddenbrook,true,"Adding 'Christian Buddenbrook' to parents list of 'Thomas Buddenbrook' should  fail
because Christian Buddenbrook is younger than Thomas Buddenbrook"
Christian Buddenbrook,Thomas Buddenbrook,true,"Adding 'Christian Buddenbrook' to parents list of 'Thomas Buddenbrook' should  fail
because Thomas Buddenbrook has already two other parents : [Johann (Jean) Buddenbrook, Elisabeth (Bethsy) Kroeger]"
Clara Buddenbrook,Thomas Buddenbrook,true,"Adding 'Clara Buddenbrook' to parents list of 'Thomas Buddenbrook' should  fail
because Clara Buddenbrook is already sibling of Thomas Buddenbrook"
Clara Buddenbrook,Thomas Buddenbrook,true,"Adding 'Clara Buddenbrook' to parents list of 'Thomas Buddenbrook' should  fail
because Clara Buddenbrook is younger than Thomas Buddenbrook"
Clara Buddenbrook,Thomas Buddenbrook,true,"Adding 'Clara Buddenbrook' to parents list of 'Thomas Buddenbrook' should  fail
because Thomas Buddenbrook has already two other parents : [Johann (Jean) Buddenbrook, Elisabeth (Bethsy) Kroeger]"
Hanno Buddenbrook,Thomas Buddenbrook,true,"Adding 'Hanno Buddenbrook' to parents list of 'Thomas Buddenbrook' should  fail
because Hanno Buddenbrook is younger than Thomas Buddenbrook"
Hanno Buddenbrook,Thomas Buddenbrook,true,"Adding 'Hanno Buddenbrook' to parents list of 'Thomas Buddenbrook' should  fail
because Hanno Buddenbrook is already child of Thomas Buddenbrook"
Hanno Buddenbrook,Thomas Buddenbrook,true,"Adding 'Hanno Buddenbrook' to parents list of 'Thomas Buddenbrook' should  fail
because Hanno Buddenbrook is in children's line of Thomas Buddenbrook"
Hanno Buddenbrook,Thomas Buddenbrook,true,"Adding 'Hanno Buddenbrook' to parents list of 'Thomas Buddenbrook' should  fail
because Thomas Buddenbrook has already two other parents : [Johann (Jean) Buddenbrook, Elisabeth (Bethsy) Kroeger]"
Erika Gruenlich,Thomas Buddenbrook,true,"Adding 'Erika Gruenlich' to parents list of 'Thomas Buddenbrook' should  fail
because Erika Gruenlich is younger than Thomas Buddenbrook"
Erika Gruenlich,Thomas Buddenbrook,true,"Adding 'Erika Gruenlich' to parents list of 'Thomas Buddenbrook' should  fail
because Thomas Buddenbrook has already two other parents : [Johann (Jean) Buddenbrook, Elisabeth (Bethsy) Kroeger]"
Elisabeth Weinschenk,Thomas Buddenbrook,true,"Adding 'Elisabeth Weinschenk' to parents list of 'Thomas Buddenbrook' should  fail
because Thomas Buddenbrook has already two other parents : [Johann (Jean) Buddenbrook, Elisabeth (Bethsy) Kroeger]"
Hugo Weinschenk,Thomas Buddenbrook,true,"Adding 'Hugo Weinschenk' to parents list of 'Thomas Buddenbrook' should  fail
because Thomas Buddenbrook has already two other parents : [Johann (Jean) Buddenbrook, Elisabeth (Bethsy) Kroeger]"
Alois Permaneder,Thomas Buddenbrook,true,"Adding 'Alois Permaneder' to parents list of 'Thomas Buddenbrook' should  fail
because Thomas Buddenbrook has already two other parents : [Johann (Jean) Buddenbrook, Elisabeth (Bethsy) Kroeger]"
Bendix Gruenlich,Thomas Buddenbrook,true,"Adding 'Bendix Gruenlich' to parents list of 'Thomas Buddenbrook' should  fail
because Thomas Buddenbrook has already two other parents : [Johann (Jean) Buddenbrook, Elisabeth (Bethsy) Kroeger]"
Gisela Buddenbrook,Thomas Buddenbrook,true,"Adding 'Gisela Buddenbrook' to parents list of 'Thomas Buddenbrook' should  fail
because Gisela Buddenbrook is younger than Thomas Buddenbrook"
Gisela Buddenbrook,Thomas Buddenbrook,true,"Adding 'Gisela Buddenbrook' to parents list of 'Thomas Buddenbrook' should  fail
because Thomas Buddenbrook has already two other parents : [Johann (Jean) Buddenbrook, Elisabeth (Bethsy) Kroeger]"
Aline Puvogel,Thomas Buddenbrook,true,"Adding 'Aline Puvogel' to parents list of 'Thomas Buddenbrook' should  fail
because Thomas Buddenbrook has already two other parents : [Johann (Jean) Buddenbrook, Elisabeth (Bethsy) Kroeger]"
Gerda Arnoldsen,Thomas Buddenbrook,true,"Adding 'Gerda Arnoldsen' to parents list of 'Thomas Buddenbrook' should  fail
because Gerda Arnoldsen is already spouse of Thomas Buddenbrook"
Gerda Arnoldsen,Thomas Buddenbrook,true,"Adding 'Gerda Arnoldsen' to parents list of 'Thomas Buddenbrook' should  fail
because Gerda Arnoldsen is younger than Thomas Buddenbrook"
Gerda Arnoldsen,Thomas Buddenbrook,true,"Adding 'Gerda Arnoldsen' to parents list of 'Thomas Buddenbrook' should  fail
because Thomas Buddenbrook has already two other parents : [Johann (Jean) Buddenbrook, Elisabeth (Bethsy) Kroeger]"
Sievert Tiburtius,Thomas Buddenbrook,true,"Adding 'Sievert Tiburtius' to parents list of 'Thomas Buddenbrook' should  fail
because Sievert Tiburtius is younger than Thomas Buddenbrook"
Sievert Tiburtius,Thomas Buddenbrook,true,"Adding 'Sievert Tiburtius' to parents list of 'Thomas Buddenbrook' should  fail
because Thomas Buddenbrook has already two other parents : [Johann (Jean) Buddenbrook, Elisabeth (Bethsy) Kroeger]"
Leberecht Kroeger,Thomas Buddenbrook,true,"Adding 'Leberecht Kroeger' to parents list of 'Thomas Buddenbrook' should  fail
because Leberecht Kroeger is younger than Thomas Buddenbrook"
Leberecht Kroeger,Thomas Buddenbrook,true,"Adding 'Leberecht Kroeger' to parents list of 'Thomas Buddenbrook' should  fail
because Leberecht Kroeger is in parental line of Thomas Buddenbrook"
Leberecht Kroeger,Thomas Buddenbrook,true,"Adding 'Leberecht Kroeger' to parents list of 'Thomas Buddenbrook' should  fail
because Thomas Buddenbrook has already two other parents : [Johann (Jean) Buddenbrook, Elisabeth (Bethsy) Kroeger]"
Elisabeth (Bethsy) Kroeger,Thomas Buddenbrook,true,"Adding 'Elisabeth (Bethsy) Kroeger' to parents list of 'Thomas Buddenbrook' should  fail
because Elisabeth (Bethsy) Kroeger is already parent of Thomas Buddenbrook"
Elisabeth (Bethsy) Kroeger,Thomas Buddenbrook,true,"Adding 'Elisabeth (Bethsy) Kroeger' to parents list of 'Thomas Buddenbrook' should  fail
because Elisabeth (Bethsy) Kroeger is in parental line of Thomas Buddenbrook"
Elisabeth (Bethsy) Kroeger,Thomas Buddenbrook,true,"Adding 'Elisabeth (Bethsy) Kroeger' to parents list of 'Thomas Buddenbrook' should  fail
because Thomas Buddenbrook has already two other parents : [Johann (Jean) Buddenbrook, Elisabeth (Bethsy) Kroeger]"
Justus Kroeger,Thomas Buddenbrook,true,"Adding 'Justus Kroeger' to parents list of 'Thomas Buddenbrook' should  fail
because Thomas Buddenbrook has already two other parents : [Johann (Jean) Buddenbrook, Elisabeth (Bethsy) Kroeger]"
Jakob Kroeger,Thomas Buddenbrook,true,"Adding 'Jakob Kroeger' to parents list of 'Thomas Buddenbrook' should  fail
because Jakob Kroeger is younger than Thomas Buddenbrook"
Jakob Kroeger,Thomas Buddenbrook,true,"Adding 'Jakob Kroeger' to parents list of 'Thomas Buddenbrook' should  fail
because Thomas Buddenbrook has already two other parents : [Johann (Jean) Buddenbrook, Elisabeth (Bethsy) Kroeger]"
Juergen Kroeger,Thomas Buddenbrook,true,"Adding 'Juergen Kroeger' to parents list of 'Thomas Buddenbrook' should  fail
because Thomas Buddenbrook has already two other parents : [Johann (Jean) Buddenbrook, Elisabeth (Bethsy) Kroeger]"
Rosalie Overdiek,Thomas Buddenbrook,true,"Adding 'Rosalie Overdiek' to parents list of 'Thomas Buddenbrook' should  fail
because Thomas Buddenbrook has already two other parents : [Johann (Jean) Buddenbrook, Elisabeth (Bethsy) Kroeger]"
Catharina Kroeger,Thomas Buddenbrook,true,"Adding 'Catharina Kroeger' to parents list of 'Thomas Buddenbrook' should  fail
because Catharina Kroeger is in parental line of Thomas Buddenbrook"
Catharina Kroeger,Thomas Buddenbrook,true,"Adding 'Catharina Kroeger' to parents list of 'Thomas Buddenbrook' should  fail
because Thomas Buddenbrook has already two other parents : [Johann (Jean) Buddenbrook, Elisabeth (Bethsy) Kroeger]"
Johan Buddenbrook,Antonie (Tony) Buddenbrook,true,"Adding 'Johan Buddenbrook' to parents list of 'Antonie (Tony) Buddenbrook' should  fail
because Johan Buddenbrook is in parental line of Antonie (Tony) Buddenbrook"
Johan Buddenbrook,Antonie (Tony) Buddenbrook,true,"Adding 'Johan Buddenbrook' to parents list of 'Antonie (Tony) Buddenbrook' should  fail
because Antonie (Tony) Buddenbrook has already two other parents : [Johann (Jean) Buddenbrook, Elisabeth (Bethsy) Kroeger]"
Alien Alien,Antonie (Tony) Buddenbrook,true,"Adding 'Alien Alien' to parents list of 'Antonie (Tony) Buddenbrook' should  fail
because Antonie (Tony) Buddenbrook has already two other parents : [Johann (Jean) Buddenbrook, Elisabeth (Bethsy) Kroeger]"
Johann Buddenbrook,Antonie (Tony) Buddenbrook,true,"Adding 'Johann Buddenbrook' to parents list of 'Antonie (Tony) Buddenbrook' should  fail
because Johann Buddenbrook is in parental line of Antonie (Tony) Buddenbrook"
Johann Buddenbrook,Antonie (Tony) Buddenbrook,true,"Adding 'Johann Buddenbrook' to parents list of 'Antonie (Tony) Buddenbrook' should  fail
because Antonie (Tony) Buddenbrook has already two other parents : [Johann (Jean) Buddenbrook, Elisabeth (Bethsy) Kroeger]"
Bernhard Buddenbrook,Antonie (Tony) Buddenbrook,true,"Adding 'Bernhard Buddenbrook' to parents list of 'Antonie (Tony) Buddenbrook' should  fail
because Antonie (Tony) Buddenbrook has already two other parents : [Johann (Jean) Buddenbrook, Elisabeth (Bethsy) Kroeger]"
Josephine Buddenbrook,Antonie (Tony) Buddenbrook,true,"Adding 'Josephine Buddenbrook' to parents list of 'Antonie (Tony) Buddenbrook' should  fail
because Antonie (Tony) Buddenbrook has already two other parents : [Johann (Jean) Buddenbrook, Elisabeth (Bethsy) Kroeger]"
Antoinette Duchamps,Antonie (Tony) Buddenbrook,true,"Adding 'Antoinette Duchamps' to parents list of 'Antonie (Tony) Buddenbrook' should  fail
because Antoinette Duchamps is in parental line of Antonie (Tony) Buddenbrook"
Antoinette Duchamps,Antonie (Tony) Buddenbrook,true,"Adding 'Antoinette Duchamps' to parents list of 'Antonie (Tony) Buddenbrook' should  fail
because Antonie (Tony) Buddenbrook has already two other parents : [Johann (Jean) Buddenbrook, Elisabeth (Bethsy) Kroeger]"
Gotthold Buddenbrook,Antonie (Tony) Buddenbrook,true,"Adding 'Gotthold Buddenbrook' to parents list of 'Antonie (Tony) Buddenbrook' should  fail
because Antonie (Tony) Buddenbrook has already two other parents : [Johann (Jean) Buddenbrook, Elisabeth (Bethsy) Kroeger]"
Rosalie Stuewing,Antonie (Tony) Buddenbrook,true,"Adding 'Rosalie Stuewing' to parents list of 'Antonie (Tony) Buddenbrook' should  fail
because Antonie (Tony) Buddenbrook has already two other parents : [Johann (Jean) Buddenbrook, Elisabeth (Bethsy) Kroeger]"
Frederike Buddenbrook,Antonie (Tony) Buddenbrook,true,"Adding 'Frederike Buddenbrook' to parents list of 'Antonie (Tony) Buddenbrook' should  fail
because Antonie (Tony) Buddenbrook has already two other parents : [Johann (Jean) Buddenbrook, Elisabeth (Bethsy) Kroeger]"
Henriette Buddenbrook,Antonie (Tony) Buddenbrook,true,"Adding 'Henriette Buddenbrook' to parents list of 'Antonie (Tony) Buddenbrook' should  fail
because Antonie (Tony) Buddenbrook has already two other parents : [Johann (Jean) Buddenbrook, Elisabeth (Bethsy) Kroeger]"
Pfiffi Buddenbrook,Antonie (Tony) Buddenbrook,true,"Adding 'Pfiffi Buddenbrook' to parents list of 'Antonie (Tony) Buddenbrook' should  fail
because Antonie (Tony) Buddenbrook has already two other parents : [Johann (Jean) Buddenbrook, Elisabeth (Bethsy) Kroeger]"
Olly Buddenbrook,Antonie (Tony) Buddenbrook,true,"Adding 'Olly Buddenbrook' to parents list of 'Antonie (Tony) Buddenbrook' should  fail
because Antonie (Tony) Buddenbrook has already two other parents : [Johann (Jean) Buddenbrook, Elisabeth (Bethsy) Kroeger]"
Johann (Jean) Buddenbrook,Antonie (Tony) Buddenbrook,true,"Adding 'Johann (Jean) Buddenbrook' to parents list of 'Antonie (Tony) Buddenbrook' should  fail
because Johann (Jean) Buddenbrook is already parent of Antonie (Tony) Buddenbrook"
Johann (Jean) Buddenbrook,Antonie (Tony) Buddenbrook,true,"Adding 'Johann (Jean) Buddenbrook' to parents list of 'Antonie (Tony) Buddenbrook' should  fail
because Johann (Jean) Buddenbrook is in parental line of Antonie (Tony) Buddenbrook"
Johann (Jean) Buddenbrook,Antonie (Tony) Buddenbrook,true,"Adding 'Johann (Jean) Buddenbrook' to parents list of 'Antonie (Tony) Buddenbrook' should  fail
because Antonie (Tony) Buddenbrook has already two other parents : [Johann (Jean) Buddenbrook, Elisabeth (Bethsy) Kroeger]"
Klothilde Buddenbrook,Antonie (Tony) Buddenbrook,true,"Adding 'Klothilde Buddenbrook' to parents list of 'Antonie (Tony) Buddenbrook' should  fail
because Antonie (Tony) Buddenbrook has already two other parents : [Johann (Jean) Buddenbrook, Elisabeth (Bethsy) Kroeger]"
Thomas Buddenbrook,Antonie (Tony) Buddenbrook,true,"Adding 'Thomas Buddenbrook' to parents list of 'Antonie (Tony) Buddenbrook' should  fail
because Thomas Buddenbrook is already sibling of Antonie (Tony) Buddenbrook"
Thomas Buddenbrook,Antonie (Tony) Buddenbrook,true,"Adding 'Thomas Buddenbrook' to parents list of 'Antonie (Tony) Buddenbrook' should  fail
because Antonie (Tony) Buddenbrook has already two other parents : [Johann (Jean) Buddenbrook, Elisabeth (Bethsy) Kroeger]"
Antonie (Tony) Buddenbrook,Antonie (Tony) Buddenbrook,true,"Adding 'Antonie (Tony) Buddenbrook' to parents list of 'Antonie (Tony) Buddenbrook' should  fail
because Persons are equal."
Antonie (Tony) Buddenbrook,Antonie (Tony) Buddenbrook,true,"Adding 'Antonie (Tony) Buddenbrook' to parents list of 'Antonie (Tony) Buddenbrook' should  fail
because Antonie (Tony) Buddenbrook is already sibling of Antonie (Tony) Buddenbrook"
Antonie (Tony) Buddenbrook,Antonie (Tony) Buddenbrook,true,"Adding 'Antonie (Tony) Buddenbrook' to parents list of 'Antonie (Tony) Buddenbrook' should  fail
because Antonie (Tony) Buddenbrook has already two other parents : [Johann (Jean) Buddenbrook, Elisabeth (Bethsy) Kroeger]"
Christian Buddenbrook,Antonie (Tony) Buddenbrook,true,"Adding 'Christian Buddenbrook' to parents list of 'Antonie (Tony) Buddenbrook' should  fail
because Christian Buddenbrook is already sibling of Antonie (Tony) Buddenbrook"
Christian Buddenbrook,Antonie (Tony) Buddenbrook,true,"Adding 'Christian Buddenbrook' to parents list of 'Antonie (Tony) Buddenbrook' should  fail
because Christian Buddenbrook is younger than Antonie (Tony) Buddenbrook"
Christian Buddenbrook,Antonie (Tony) Buddenbrook,true,"Adding 'Christian Buddenbrook' to parents list of 'Antonie (Tony) Buddenbrook' should  fail
because Antonie (Tony) Buddenbrook has already two other parents : [Johann (Jean) Buddenbrook, Elisabeth (Bethsy) Kroeger]"
Clara Buddenbrook,Antonie (Tony) Buddenbrook,true,"Adding 'Clara Buddenbrook' to parents list of 'Antonie (Tony) Buddenbrook' should  fail
because Clara Buddenbrook is already sibling of Antonie (Tony) Buddenbrook"
Clara Buddenbrook,Antonie (Tony) Buddenbrook,true,"Adding 'Clara Buddenbrook' to parents list of 'Antonie (Tony) Buddenbrook' should  fail
because Clara Buddenbrook is younger than Antonie (Tony) Buddenbrook"
Clara Buddenbrook,Antonie (Tony) Buddenbrook,true,"Adding 'Clara Buddenbrook' to parents list of 'Antonie (Tony) Buddenbrook' should  fail
because Antonie (Tony) Buddenbrook has already two other parents : [Johann (Jean) Buddenbrook, Elisabeth (Bethsy) Kroeger]"
Hanno Buddenbrook,Antonie (Tony) Buddenbrook,true,"Adding 'Hanno Buddenbrook' to parents list of 'Antonie (Tony) Buddenbrook' should  fail
because Hanno Buddenbrook is younger than Antonie (Tony) Buddenbrook"
Hanno Buddenbrook,Antonie (Tony) Buddenbrook,true,"Adding 'Hanno Buddenbrook' to parents list of 'Antonie (Tony) Buddenbrook' should  fail
because Antonie (Tony) Buddenbrook has already two other parents : [Johann (Jean) Buddenbrook, Elisabeth (Bethsy) Kroeger]"
Erika Gruenlich,Antonie (Tony) Buddenbrook,true,"Adding 'Erika Gruenlich' to parents list of 'Antonie (Tony) Buddenbrook' should  fail
because Erika Gruenlich is younger than Antonie (Tony) Buddenbrook"
Erika Gruenlich,Antonie (Tony) Buddenbrook,true,"Adding 'Erika Gruenlich' to parents list of 'Antonie (Tony) Buddenbrook' should  fail
because Erika Gruenlich is already child of Antonie (Tony) Buddenbrook"
Erika Gruenlich,Antonie (Tony) Buddenbrook,true,"Adding 'Erika Gruenlich' to parents list of 'Antonie (Tony) Buddenbrook' should  fail
because Erika Gruenlich is in children's line of Antonie (Tony) Buddenbrook"
Erika Gruenlich,Antonie (Tony) Buddenbrook,true,"Adding 'Erika Gruenlich' to parents list of 'Antonie (Tony) Buddenbrook' should  fail
because Antonie (Tony) Buddenbrook has already two other parents : [Johann (Jean) Buddenbrook, Elisabeth (Bethsy) Kroeger]"
Elisabeth Weinschenk,Antonie (Tony) Buddenbrook,true,"Adding 'Elisabeth Weinschenk' to parents list of 'Antonie (Tony) Buddenbrook' should  fail
because Elisabeth Weinschenk is in children's line of Antonie (Tony) Buddenbrook"
Elisabeth Weinschenk,Antonie (Tony) Buddenbrook,true,"Adding 'Elisabeth Weinschenk' to parents list of 'Antonie (Tony) Buddenbrook' should  fail
because Antonie (Tony) Buddenbrook has already two other parents : [Johann (Jean) Buddenbrook, Elisabeth (Bethsy) Kroeger]"
Hugo Weinschenk,Antonie (Tony) Buddenbrook,true,"Adding 'Hugo Weinschenk' to parents list of 'Antonie (Tony) Buddenbrook' should  fail
because Antonie (Tony) Buddenbrook has already two other parents : [Johann (Jean) Buddenbrook, Elisabeth (Bethsy) Kroeger]"
Alois Permaneder,Antonie (Tony) Buddenbrook,true,"Adding 'Alois Permaneder' to parents list of 'Antonie (Tony) Buddenbrook' should  fail
because Alois Permaneder is already spouse of Antonie (Tony) Buddenbrook"
Alois Permaneder,Antonie (Tony) Buddenbrook,true,"Adding 'Alois Permaneder' to parents list of 'Antonie (Tony) Buddenbrook' should  fail
because Antonie (Tony) Buddenbrook has already two other parents : [Johann (Jean) Buddenbrook, Elisabeth (Bethsy) Kroeger]"
Bendix Gruenlich,Antonie (Tony) Buddenbrook,true,"Adding 'Bendix Gruenlich' to parents list of 'Antonie (Tony) Buddenbrook' should  fail
because Bendix Gruenlich is already spouse of Antonie (Tony) Buddenbrook"
Bendix Gruenlich,Antonie (Tony) Buddenbrook,true,"Adding 'Bendix Gruenlich' to parents list of 'Antonie (Tony) Buddenbrook' should  fail
because Antonie (Tony) Buddenbrook has already two other parents : [Johann (Jean) Buddenbrook, Elisabeth (Bethsy) Kroeger]"
Gisela Buddenbrook,Antonie (Tony) Buddenbrook,true,"Adding 'Gisela Buddenbrook' to parents list of 'Antonie (Tony) Buddenbrook' should  fail
because Gisela Buddenbrook is younger than Antonie (Tony) Buddenbrook"
Gisela Buddenbrook,Antonie (Tony) Buddenbrook,true,"Adding 'Gisela Buddenbrook' to parents list of 'Antonie (Tony) Buddenbrook' should  fail
because Antonie (Tony) Buddenbrook has already two other parents : [Johann (Jean) Buddenbrook, Elisabeth (Bethsy) Kroeger]"
Aline Puvogel,Antonie (Tony) Buddenbrook,true,"Adding 'Aline Puvogel' to parents list of 'Antonie (Tony) Buddenbrook' should  fail
because Antonie (Tony) Buddenbrook has already two other parents : [Johann (Jean) Buddenbrook, Elisabeth (Bethsy) Kroeger]"
Gerda Arnoldsen,Antonie (Tony) Buddenbrook,true,"Adding 'Gerda Arnoldsen' to parents list of 'Antonie (Tony) Buddenbrook' should  fail
because Gerda Arnoldsen is younger than Antonie (Tony) Buddenbrook"
Gerda Arnoldsen,Antonie (Tony) Buddenbrook,true,"Adding 'Gerda Arnoldsen' to parents list of 'Antonie (Tony) Buddenbrook' should  fail
because Antonie (Tony) Buddenbrook has already two other parents : [Johann (Jean) Buddenbrook, Elisabeth (Bethsy) Kroeger]"
Sievert Tiburtius,Antonie (Tony) Buddenbrook,true,"Adding 'Sievert Tiburtius' to parents list of 'Antonie (Tony) Buddenbrook' should  fail
because Sievert Tiburtius is younger than Antonie (Tony) Buddenbrook"
Sievert Tiburtius,Antonie (Tony) Buddenbrook,true,"Adding 'Sievert Tiburtius' to parents list of 'Antonie (Tony) Buddenbrook' should  fail
because Antonie (Tony) Buddenbrook has already two other parents : [Johann (Jean) Buddenbrook, Elisabeth (Bethsy) Kroeger]"
Leberecht Kroeger,Antonie (Tony) Buddenbrook,true,"Adding 'Leberecht Kroeger' to parents list of 'Antonie (Tony) Buddenbrook' should  fail
because Leberecht Kroeger is younger than Antonie (Tony) Buddenbrook"
Leberecht Kroeger,Antonie (Tony) Buddenbrook,true,"Adding 'Leberecht Kroeger' to parents list of 'Antonie (Tony) Buddenbrook' should  fail
because Leberecht Kroeger is in parental line of Antonie (Tony) Buddenbrook"
Leberecht Kroeger,Antonie (Tony) Buddenbrook,true,"Adding 'Leberecht Kroeger' to parents list of 'Antonie (Tony) Buddenbrook' should  fail
because Antonie (Tony) Buddenbrook has already two other parents : [Johann (Jean) Buddenbrook, Elisabeth (Bethsy) Kroeger]"
Elisabeth (Bethsy) Kroeger,Antonie (Tony) Buddenbrook,true,"Adding 'Elisabeth (Bethsy) Kroeger' to parents list of 'Antonie (Tony) Buddenbrook' should  fail
because Elisabeth (Bethsy) Kroeger is already parent of Antonie (Tony) Buddenbrook"
Elisabeth (Bethsy) Kroeger,Antonie (Tony) Buddenbrook,true,"Adding 'Elisabeth (Bethsy) Kroeger' to parents list of 'Antonie (Tony) Buddenbrook' should  fail
because Elisabeth (Bethsy) Kroeger is in parental line of Antonie (Tony) Buddenbrook"
Elisabeth (Bethsy) Kroeger,Antonie (Tony) Buddenbrook,true,"Adding 'Elisabeth (Bethsy) Kroeger' to parents list of 'Antonie (Tony) Buddenbrook' should  fail
because Antonie (Tony) Buddenbrook has already two other parents : [Johann (Jean) Buddenbrook, Elisabeth (Bethsy) Kroeger]"
Justus Kroeger,Antonie (Tony) Buddenbrook,true,"Adding 'Justus Kroeger' to parents list of 'Antonie (Tony) Buddenbrook' should  fail
because Antonie (Tony) Buddenbrook has already two other parents : [Johann (Jean) Buddenbrook, Elisabeth (Bethsy) Kroeger]"
Jakob Kroeger,Antonie (Tony) Buddenbrook,true,"Adding 'Jakob Kroeger' to parents list of 'Antonie (Tony) Buddenbrook' should  fail
because Jakob Kroeger is younger than Antonie (Tony) Buddenbrook"
Jakob Kroeger,Antonie (Tony) Buddenbrook,true,"Adding 'Jakob Kroeger' to parents list of 'Antonie (Tony) Buddenbrook' should  fail
because Antonie (Tony) Buddenbrook has already two other parents : [Johann (Jean) Buddenbrook, Elisabeth (Bethsy) Kroeger]"
Juergen Kroeger,Antonie (Tony) Buddenbrook,true,"Adding 'Juergen Kroeger' to parents list of 'Antonie (Tony) Buddenbrook' should  fail
because Antonie (Tony) Buddenbrook has already two other parents : [Johann (Jean) Buddenbrook, Elisabeth (Bethsy) Kroeger]"
Rosalie Overdiek,Antonie (Tony) Buddenbrook,true,"Adding 'Rosalie Overdiek' to parents list of 'Antonie (Tony) Buddenbrook' should  fail
because Antonie (Tony) Buddenbrook has already two other parents : [Johann (Jean) Buddenbrook, Elisabeth (Bethsy) Kroeger]"
Catharina Kroeger,Antonie (Tony) Buddenbrook,true,"Adding 'Catharina Kroeger' to parents list of 'Antonie (Tony) Buddenbrook' should  fail
because Catharina Kroeger is in parental line of Antonie (Tony) Buddenbrook"
Catharina Kroeger,Antonie (Tony) Buddenbrook,true,"Adding 'Catharina Kroeger' to parents list of 'Antonie (Tony) Buddenbrook' should  fail
because Antonie (Tony) Buddenbrook has already two other parents : [Johann (Jean) Buddenbrook, Elisabeth (Bethsy) Kroeger]"
Johan Buddenbrook,Christian Buddenbrook,true,"Adding 'Johan Buddenbrook' to parents list of 'Christian Buddenbrook' should  fail
because Johan Buddenbrook is in parental line of Christian Buddenbrook"
Johan Buddenbrook,Christian Buddenbrook,true,"Adding 'Johan Buddenbrook' to parents list of 'Christian Buddenbrook' should  fail
because Christian Buddenbrook has already two other parents : [Johann (Jean) Buddenbrook, Elisabeth (Bethsy) Kroeger]"
Alien Alien,Christian Buddenbrook,true,"Adding 'Alien Alien' to parents list of 'Christian Buddenbrook' should  fail
because Christian Buddenbrook has already two other parents : [Johann (Jean) Buddenbrook, Elisabeth (Bethsy) Kroeger]"
Johann Buddenbrook,Christian Buddenbrook,true,"Adding 'Johann Buddenbrook' to parents list of 'Christian Buddenbrook' should  fail
because Johann Buddenbrook is in parental line of Christian Buddenbrook"
Johann Buddenbrook,Christian Buddenbrook,true,"Adding 'Johann Buddenbrook' to parents list of 'Christian Buddenbrook' should  fail
because Christian Buddenbrook has already two other parents : [Johann (Jean) Buddenbrook, Elisabeth (Bethsy) Kroeger]"
Bernhard Buddenbrook,Christian Buddenbrook,true,"Adding 'Bernhard Buddenbrook' to parents list of 'Christian Buddenbrook' should  fail
because Christian Buddenbrook has already two other parents : [Johann (Jean) Buddenbrook, Elisabeth (Bethsy) Kroeger]"
Josephine Buddenbrook,Christian Buddenbrook,true,"Adding 'Josephine Buddenbrook' to parents list of 'Christian Buddenbrook' should  fail
because Christian Buddenbrook has already two other parents : [Johann (Jean) Buddenbrook, Elisabeth (Bethsy) Kroeger]"
Antoinette Duchamps,Christian Buddenbrook,true,"Adding 'Antoinette Duchamps' to parents list of 'Christian Buddenbrook' should  fail
because Antoinette Duchamps is in parental line of Christian Buddenbrook"
Antoinette Duchamps,Christian Buddenbrook,true,"Adding 'Antoinette Duchamps' to parents list of 'Christian Buddenbrook' should  fail
because Christian Buddenbrook has already two other parents : [Johann (Jean) Buddenbrook, Elisabeth (Bethsy) Kroeger]"
Gotthold Buddenbrook,Christian Buddenbrook,true,"Adding 'Gotthold Buddenbrook' to parents list of 'Christian Buddenbrook' should  fail
because Christian Buddenbrook has already two other parents : [Johann (Jean) Buddenbrook, Elisabeth (Bethsy) Kroeger]"
Rosalie Stuewing,Christian Buddenbrook,true,"Adding 'Rosalie Stuewing' to parents list of 'Christian Buddenbrook' should  fail
because Christian Buddenbrook has already two other parents : [Johann (Jean) Buddenbrook, Elisabeth (Bethsy) Kroeger]"
Frederike Buddenbrook,Christian Buddenbrook,true,"Adding 'Frederike Buddenbrook' to parents list of 'Christian Buddenbrook' should  fail
because Christian Buddenbrook has already two other parents : [Johann (Jean) Buddenbrook, Elisabeth (Bethsy) Kroeger]"
Henriette Buddenbrook,Christian Buddenbrook,true,"Adding 'Henriette Buddenbrook' to parents list of 'Christian Buddenbrook' should  fail
because Christian Buddenbrook has already two other parents : [Johann (Jean) Buddenbrook, Elisabeth (Bethsy) Kroeger]"
Pfiffi Buddenbrook,Christian Buddenbrook,true,"Adding 'Pfiffi Buddenbrook' to parents list of 'Christian Buddenbrook' should  fail
because Christian Buddenbrook has already two other parents : [Johann (Jean) Buddenbrook, Elisabeth (Bethsy) Kroeger]"
Olly Buddenbrook,Christian Buddenbrook,true,"Adding 'Olly Buddenbrook' to parents list of 'Christian Buddenbrook' should  fail
because Christian Buddenbrook has already two other parents : [Johann (Jean) Buddenbrook, Elisabeth (Bethsy) Kroeger]"
Johann (Jean) Buddenbrook,Christian Buddenbrook,true,"Adding 'Johann (Jean) Buddenbrook' to parents list of 'Christian Buddenbrook' should  fail
because Johann (Jean) Buddenbrook is already parent of Christian Buddenbrook"
Johann (Jean) Buddenbrook,Christian Buddenbrook,true,"Adding 'Johann (Jean) Buddenbrook' to parents list of 'Christian Buddenbrook' should  fail
because Johann (Jean) Buddenbrook is in parental line of Christian Buddenbrook"
Johann (Jean) Buddenbrook,Christian Buddenbrook,true,"Adding 'Johann (Jean) Buddenbrook' to parents list of 'Christian Buddenbrook' should  fail
because Christian Buddenbrook has already two other parents : [Johann (Jean) Buddenbrook, Elisabeth (Bethsy) Kroeger]"
Klothilde Buddenbrook,Christian Buddenbrook,true,"Adding 'Klothilde Buddenbrook' to parents list of 'Christian Buddenbrook' should  fail
because Christian Buddenbrook has already two other parents : [Johann (Jean) Buddenbrook, Elisabeth (Bethsy) Kroeger]"
Thomas Buddenbrook,Christian Buddenbrook,true,"Adding 'Thomas Buddenbrook' to parents list of 'Christian Buddenbrook' should  fail
because Thomas Buddenbrook is already sibling of Christian Buddenbrook"
Thomas Buddenbrook,Christian Buddenbrook,true,"Adding 'Thomas Buddenbrook' to parents list of 'Christian Buddenbrook' should  fail
because Christian Buddenbrook has already two other parents : [Johann (Jean) Buddenbrook, Elisabeth (Bethsy) Kroeger]"
Antonie (Tony) Buddenbrook,Christian Buddenbrook,true,"Adding 'Antonie (Tony) Buddenbrook' to parents list of 'Christian Buddenbrook' should  fail
because Antonie (Tony) Buddenbrook is already sibling of Christian Buddenbrook"
Antonie (Tony) Buddenbrook,Christian Buddenbrook,true,"Adding 'Antonie (Tony) Buddenbrook' to parents list of 'Christian Buddenbrook' should  fail
because Christian Buddenbrook has already two other parents : [Johann (Jean) Buddenbrook, Elisabeth (Bethsy) Kroeger]"
Christian Buddenbrook,Christian Buddenbrook,true,"Adding 'Christian Buddenbrook' to parents list of 'Christian Buddenbrook' should  fail
because Persons are equal."
Christian Buddenbrook,Christian Buddenbrook,true,"Adding 'Christian Buddenbrook' to parents list of 'Christian Buddenbrook' should  fail
because Christian Buddenbrook is already sibling of Christian Buddenbrook"
Christian Buddenbrook,Christian Buddenbrook,true,"Adding 'Christian Buddenbrook' to parents list of 'Christian Buddenbrook' should  fail
because Christian Buddenbrook has already two other parents : [Johann (Jean) Buddenbrook, Elisabeth (Bethsy) Kroeger]"
Clara Buddenbrook,Christian Buddenbrook,true,"Adding 'Clara Buddenbrook' to parents list of 'Christian Buddenbrook' should  fail
because Clara Buddenbrook is already sibling of Christian Buddenbrook"
Clara Buddenbrook,Christian Buddenbrook,true,"Adding 'Clara Buddenbrook' to parents list of 'Christian Buddenbrook' should  fail
because Clara Buddenbrook is younger than Christian Buddenbrook"
Clara Buddenbrook,Christian Buddenbrook,true,"Adding 'Clara Buddenbrook' to parents list of 'Christian Buddenbrook' should  fail
because Christian Buddenbrook has already two other parents : [Johann (Jean) Buddenbrook, Elisabeth (Bethsy) Kroeger]"
Hanno Buddenbrook,Christian Buddenbrook,true,"Adding 'Hanno Buddenbrook' to parents list of 'Christian Buddenbrook' should  fail
because Hanno Buddenbrook is younger than Christian Buddenbrook"
Hanno Buddenbrook,Christian Buddenbrook,true,"Adding 'Hanno Buddenbrook' to parents list of 'Christian Buddenbrook' should  fail
because Christian Buddenbrook has already two other parents : [Johann (Jean) Buddenbrook, Elisabeth (Bethsy) Kroeger]"
Erika Gruenlich,Christian Buddenbrook,true,"Adding 'Erika Gruenlich' to parents list of 'Christian Buddenbrook' should  fail
because Erika Gruenlich is younger than Christian Buddenbrook"
Erika Gruenlich,Christian Buddenbrook,true,"Adding 'Erika Gruenlich' to parents list of 'Christian Buddenbrook' should  fail
because Christian Buddenbrook has already two other parents : [Johann (Jean) Buddenbrook, Elisabeth (Bethsy) Kroeger]"
Elisabeth Weinschenk,Christian Buddenbrook,true,"Adding 'Elisabeth Weinschenk' to parents list of 'Christian Buddenbrook' should  fail
because Christian Buddenbrook has already two other parents : [Johann (Jean) Buddenbrook, Elisabeth (Bethsy) Kroeger]"
Hugo Weinschenk,Christian Buddenbrook,true,"Adding 'Hugo Weinschenk' to parents list of 'Christian Buddenbrook' should  fail
because Christian Buddenbrook has already two other parents : [Johann (Jean) Buddenbrook, Elisabeth (Bethsy) Kroeger]"
Alois Permaneder,Christian Buddenbrook,true,"Adding 'Alois Permaneder' to parents list of 'Christian Buddenbrook' should  fail
because Christian Buddenbrook has already two other parents : [Johann (Jean) Buddenbrook, Elisabeth (Bethsy) Kroeger]"
Bendix Gruenlich,Christian Buddenbrook,true,"Adding 'Bendix Gruenlich' to parents list of 'Christian Buddenbrook' should  fail
because Christian Buddenbrook has already two other parents : [Johann (Jean) Buddenbrook, Elisabeth (Bethsy) Kroeger]"
Gisela Buddenbrook,Christian Buddenbrook,true,"Adding 'Gisela Buddenbrook' to parents list of 'Christian Buddenbrook' should  fail
because Gisela Buddenbrook is younger than Christian Buddenbrook"
Gisela Buddenbrook,Christian Buddenbrook,true,"Adding 'Gisela Buddenbrook' to parents list of 'Christian Buddenbrook' should  fail
because Gisela Buddenbrook is already child of Christian Buddenbrook"
Gisela Buddenbrook,Christian Buddenbrook,true,"Adding 'Gisela Buddenbrook' to parents list of 'Christian Buddenbrook' should  fail
because Gisela Buddenbrook is in children's line of Christian Buddenbrook"
Gisela Buddenbrook,Christian Buddenbrook,true,"Adding 'Gisela Buddenbrook' to parents list of 'Christian Buddenbrook' should  fail
because Christian Buddenbrook has already two other parents : [Johann (Jean) Buddenbrook, Elisabeth (Bethsy) Kroeger]"
Aline Puvogel,Christian Buddenbrook,true,"Adding 'Aline Puvogel' to parents list of 'Christian Buddenbrook' should  fail
because Aline Puvogel is already spouse of Christian Buddenbrook"
Aline Puvogel,Christian Buddenbrook,true,"Adding 'Aline Puvogel' to parents list of 'Christian Buddenbrook' should  fail
because Christian Buddenbrook has already two other parents : [Johann (Jean) Buddenbrook, Elisabeth (Bethsy) Kroeger]"
Gerda Arnoldsen,Christian Buddenbrook,true,"Adding 'Gerda Arnoldsen' to parents list of 'Christian Buddenbrook' should  fail
because Gerda Arnoldsen is younger than Christian Buddenbrook"
Gerda Arnoldsen,Christian Buddenbrook,true,"Adding 'Gerda Arnoldsen' to parents list of 'Christian Buddenbrook' should  fail
because Christian Buddenbrook has already two other parents : [Johann (Jean) Buddenbrook, Elisabeth (Bethsy) Kroeger]"
Sievert Tiburtius,Christian Buddenbrook,true,"Adding 'Sievert Tiburtius' to parents list of 'Christian Buddenbrook' should  fail
because Sievert Tiburtius is younger than Christian Buddenbrook"
Sievert Tiburtius,Christian Buddenbrook,true,"Adding 'Sievert Tiburtius' to parents list of 'Christian Buddenbrook' should  fail
because Christian Buddenbrook has already two other parents : [Johann (Jean) Buddenbrook, Elisabeth (Bethsy) Kroeger]"
Leberecht Kroeger,Christian Buddenbrook,true,"Adding 'Leberecht Kroeger' to parents list of 'Christian Buddenbrook' should  fail
because Leberecht Kroeger is younger than Christian Buddenbrook"
Leberecht Kroeger,Christian Buddenbrook,true,"Adding 'Leberecht Kroeger' to parents list of 'Christian Buddenbrook' should  fail
because Leberecht Kroeger is in parental line of Christian Buddenbrook"
Leberecht Kroeger,Christian Buddenbrook,true,"Adding 'Leberecht Kroeger' to parents list of 'Christian Buddenbrook' should  fail
because Christian Buddenbrook has already two other parents : [Johann (Jean) Buddenbrook, Elisabeth (Bethsy) Kroeger]"
Elisabeth (Bethsy) Kroeger,Christian Buddenbrook,true,"Adding 'Elisabeth (Bethsy) Kroeger' to parents list of 'Christian Buddenbrook' should  fail
because Elisabeth (Bethsy) Kroeger is already parent of Christian Buddenbrook"
Elisabeth (Bethsy) Kroeger,Christian Buddenbrook,true,"Adding 'Elisabeth (Bethsy) Kroeger' to parents list of 'Christian Buddenbrook' should  fail
because Elisabeth (Bethsy) Kroeger is in parental line of Christian Buddenbrook"
Elisabeth (Bethsy) Kroeger,Christian Buddenbrook,true,"Adding 'Elisabeth (Bethsy) Kroeger' to parents list of 'Christian Buddenbrook' should  fail
because Christian Buddenbrook has already two other parents : [Johann (Jean) Buddenbrook, Elisabeth (Bethsy) Kroeger]"
Justus Kroeger,Christian Buddenbrook,true,"Adding 'Justus Kroeger' to parents list of 'Christian Buddenbrook' should  fail
because Christian Buddenbrook has already two other parents : [Johann (Jean) Buddenbrook, Elisabeth (Bethsy) Kroeger]"
Jakob Kroeger,Christian Buddenbrook,true,"Adding 'Jakob Kroeger' to parents list of 'Christian Buddenbrook' should  fail
because Christian Buddenbrook has already two other parents : [Johann (Jean) Buddenbrook, Elisabeth (Bethsy) Kroeger]"
Juergen Kroeger,Christian Buddenbrook,true,"Adding 'Juergen Kroeger' to parents list of 'Christian Buddenbrook' should  fail
because Christian Buddenbrook has already two other parents : [Johann (Jean) Buddenbrook, Elisabeth (Bethsy) Kroeger]"
Rosalie Overdiek,Christian Buddenbrook,true,"Adding 'Rosalie Overdiek' to parents list of 'Christian Buddenbrook' should  fail
because Christian Buddenbrook has already two other parents : [Johann (Jean) Buddenbrook, Elisabeth (Bethsy) Kroeger]"
Catharina Kroeger,Christian Buddenbrook,true,"Adding 'Catharina Kroeger' to parents list of 'Christian Buddenbrook' should  fail
because Catharina Kroeger is in parental line of Christian Buddenbrook"
Catharina Kroeger,Christian Buddenbrook,true,"Adding 'Catharina Kroeger' to parents list of 'Christian Buddenbrook' should  fail
because Christian Buddenbrook has already two other parents : [Johann (Jean) Buddenbrook, Elisabeth (Bethsy) Kroeger]"
Johan Buddenbrook,Clara Buddenbrook,true,"Adding 'Johan Buddenbrook' to parents list of 'Clara Buddenbrook' should  fail
because Johan Buddenbrook is in parental line of Clara Buddenbrook"
Johan Buddenbrook,Clara Buddenbrook,true,"Adding 'Johan Buddenbrook' to parents list of 'Clara Buddenbrook' should  fail
because Clara Buddenbrook has already two other parents : [Johann (Jean) Buddenbrook, Elisabeth (Bethsy) Kroeger]"
Alien Alien,Clara Buddenbrook,true,"Adding 'Alien Alien' to parents list of 'Clara Buddenbrook' should  fail
because Clara Buddenbrook has already two other parents : [Johann (Jean) Buddenbrook, Elisabeth (Bethsy) Kroeger]"
Johann Buddenbrook,Clara Buddenbrook,true,"Adding 'Johann Buddenbrook' to parents list of 'Clara Buddenbrook' should  fail
because Johann Buddenbrook is in parental line of Clara Buddenbrook"
Johann Buddenbrook,Clara Buddenbrook,true,"Adding 'Johann Buddenbrook' to parents list of 'Clara Buddenbrook' should  fail
because Clara Buddenbrook has already two other parents : [Johann (Jean) Buddenbrook, Elisabeth (Bethsy) Kroeger]"
Bernhard Buddenbrook,Clara Buddenbrook,true,"Adding 'Bernhard Buddenbrook' to parents list of 'Clara Buddenbrook' should  fail
because Clara Buddenbrook has already two other parents : [Johann (Jean) Buddenbrook, Elisabeth (Bethsy) Kroeger]"
Josephine Buddenbrook,Clara Buddenbrook,true,"Adding 'Josephine Buddenbrook' to parents list of 'Clara Buddenbrook' should  fail
because Clara Buddenbrook has already two other parents : [Johann (Jean) Buddenbrook, Elisabeth (Bethsy) Kroeger]"
Antoinette Duchamps,Clara Buddenbrook,true,"Adding 'Antoinette Duchamps' to parents list of 'Clara Buddenbrook' should  fail
because Antoinette Duchamps is in parental line of Clara Buddenbrook"
Antoinette Duchamps,Clara Buddenbrook,true,"Adding 'Antoinette Duchamps' to parents list of 'Clara Buddenbrook' should  fail
because Clara Buddenbrook has already two other parents : [Johann (Jean) Buddenbrook, Elisabeth (Bethsy) Kroeger]"
Gotthold Buddenbrook,Clara Buddenbrook,true,"Adding 'Gotthold Buddenbrook' to parents list of 'Clara Buddenbrook' should  fail
because Clara Buddenbrook has already two other parents : [Johann (Jean) Buddenbrook, Elisabeth (Bethsy) Kroeger]"
Rosalie Stuewing,Clara Buddenbrook,true,"Adding 'Rosalie Stuewing' to parents list of 'Clara Buddenbrook' should  fail
because Clara Buddenbrook has already two other parents : [Johann (Jean) Buddenbrook, Elisabeth (Bethsy) Kroeger]"
Frederike Buddenbrook,Clara Buddenbrook,true,"Adding 'Frederike Buddenbrook' to parents list of 'Clara Buddenbrook' should  fail
because Clara Buddenbrook has already two other parents : [Johann (Jean) Buddenbrook, Elisabeth (Bethsy) Kroeger]"
Henriette Buddenbrook,Clara Buddenbrook,true,"Adding 'Henriette Buddenbrook' to parents list of 'Clara Buddenbrook' should  fail
because Clara Buddenbrook has already two other parents : [Johann (Jean) Buddenbrook, Elisabeth (Bethsy) Kroeger]"
Pfiffi Buddenbrook,Clara Buddenbrook,true,"Adding 'Pfiffi Buddenbrook' to parents list of 'Clara Buddenbrook' should  fail
because Clara Buddenbrook has already two other parents : [Johann (Jean) Buddenbrook, Elisabeth (Bethsy) Kroeger]"
Olly Buddenbrook,Clara Buddenbrook,true,"Adding 'Olly Buddenbrook' to parents list of 'Clara Buddenbrook' should  fail
because Clara Buddenbrook has already two other parents : [Johann (Jean) Buddenbrook, Elisabeth (Bethsy) Kroeger]"
Johann (Jean) Buddenbrook,Clara Buddenbrook,true,"Adding 'Johann (Jean) Buddenbrook' to parents list of 'Clara Buddenbrook' should  fail
because Johann (Jean) Buddenbrook is already parent of Clara Buddenbrook"
Johann (Jean) Buddenbrook,Clara Buddenbrook,true,"Adding 'Johann (Jean) Buddenbrook' to parents list of 'Clara Buddenbrook' should  fail
because Johann (Jean) Buddenbrook is in parental line of Clara Buddenbrook"
Johann (Jean) Buddenbrook,Clara Buddenbrook,true,"Adding 'Johann (Jean) Buddenbrook' to parents list of 'Clara Buddenbrook' should  fail
because Clara Buddenbrook has already two other parents : [Johann (Jean) Buddenbrook, Elisabeth (Bethsy) Kroeger]"
Klothilde Buddenbrook,Clara Buddenbrook,true,"Adding 'Klothilde Buddenbrook' to parents list of 'Clara Buddenbrook' should  fail
because Clara Buddenbrook has already two other parents : [Johann (Jean) Buddenbrook, Elisabeth (Bethsy) Kroeger]"
Thomas Buddenbrook,Clara Buddenbrook,true,"Adding 'Thomas Buddenbrook' to parents list of 'Clara Buddenbrook' should  fail
because Thomas Buddenbrook is already sibling of Clara Buddenbrook"
Thomas Buddenbrook,Clara Buddenbrook,true,"Adding 'Thomas Buddenbrook' to parents list of 'Clara Buddenbrook' should  fail
because Clara Buddenbrook has already two other parents : [Johann (Jean) Buddenbrook, Elisabeth (Bethsy) Kroeger]"
Antonie (Tony) Buddenbrook,Clara Buddenbrook,true,"Adding 'Antonie (Tony) Buddenbrook' to parents list of 'Clara Buddenbrook' should  fail
because Antonie (Tony) Buddenbrook is already sibling of Clara Buddenbrook"
Antonie (Tony) Buddenbrook,Clara Buddenbrook,true,"Adding 'Antonie (Tony) Buddenbrook' to parents list of 'Clara Buddenbrook' should  fail
because Clara Buddenbrook has already two other parents : [Johann (Jean) Buddenbrook, Elisabeth (Bethsy) Kroeger]"
Christian Buddenbrook,Clara Buddenbrook,true,"Adding 'Christian Buddenbrook' to parents list of 'Clara Buddenbrook' should  fail
because Christian Buddenbrook is already sibling of Clara Buddenbrook"
Christian Buddenbrook,Clara Buddenbrook,true,"Adding 'Christian Buddenbrook' to parents list of 'Clara Buddenbrook' should  fail
because Clara Buddenbrook has already two other parents : [Johann (Jean) Buddenbrook, Elisabeth (Bethsy) Kroeger]"
Clara Buddenbrook,Clara Buddenbrook,true,"Adding 'Clara Buddenbrook' to parents list of 'Clara Buddenbrook' should  fail
because Persons are equal."
Clara Buddenbrook,Clara Buddenbrook,true,"Adding 'Clara Buddenbrook' to parents list of 'Clara Buddenbrook' should  fail
because Clara Buddenbrook is already sibling of Clara Buddenbrook"
Clara Buddenbrook,Clara Buddenbrook,true,"Adding 'Clara Buddenbrook' to parents list of 'Clara Buddenbrook' should  fail
because Clara Buddenbrook has already two other parents : [Johann (Jean) Buddenbrook, Elisabeth (Bethsy) Kroeger]"
Hanno Buddenbrook,Clara Buddenbrook,true,"Adding 'Hanno Buddenbrook' to parents list of 'Clara Buddenbrook' should  fail
because Hanno Buddenbrook is younger than Clara Buddenbrook"
Hanno Buddenbrook,Clara Buddenbrook,true,"Adding 'Hanno Buddenbrook' to parents list of 'Clara Buddenbrook' should  fail
because Clara Buddenbrook has already two other parents : [Johann (Jean) Buddenbrook, Elisabeth (Bethsy) Kroeger]"
Erika Gruenlich,Clara Buddenbrook,true,"Adding 'Erika Gruenlich' to parents list of 'Clara Buddenbrook' should  fail
because Erika Gruenlich is younger than Clara Buddenbrook"
Erika Gruenlich,Clara Buddenbrook,true,"Adding 'Erika Gruenlich' to parents list of 'Clara Buddenbrook' should  fail
because Clara Buddenbrook has already two other parents : [Johann (Jean) Buddenbrook, Elisabeth (Bethsy) Kroeger]"
Elisabeth Weinschenk,Clara Buddenbrook,true,"Adding 'Elisabeth Weinschenk' to parents list of 'Clara Buddenbrook' should  fail
because Clara Buddenbrook has already two other parents : [Johann (Jean) Buddenbrook, Elisabeth (Bethsy) Kroeger]"
Hugo Weinschenk,Clara Buddenbrook,true,"Adding 'Hugo Weinschenk' to parents list of 'Clara Buddenbrook' should  fail
because Clara Buddenbrook has already two other parents : [Johann (Jean) Buddenbrook, Elisabeth (Bethsy) Kroeger]"
Alois Permaneder,Clara Buddenbrook,true,"Adding 'Alois Permaneder' to parents list of 'Clara Buddenbrook' should  fail
because Clara Buddenbrook has already two other parents : [Johann (Jean) Buddenbrook, Elisabeth (Bethsy) Kroeger]"
Bendix Gruenlich,Clara Buddenbrook,true,"Adding 'Bendix Gruenlich' to parents list of 'Clara Buddenbrook' should  fail
because Clara Buddenbrook has already two other parents : [Johann (Jean) Buddenbrook, Elisabeth (Bethsy) Kroeger]"
Gisela Buddenbrook,Clara Buddenbrook,true,"Adding 'Gisela Buddenbrook' to parents list of 'Clara Buddenbrook' should  fail
because Gisela Buddenbrook is younger than Clara Buddenbrook"
Gisela Buddenbrook,Clara Buddenbrook,true,"Adding 'Gisela Buddenbrook' to parents list of 'Clara Buddenbrook' should  fail
because Clara Buddenbrook has already two other parents : [Johann (Jean) Buddenbrook, Elisabeth (Bethsy) Kroeger]"
Aline Puvogel,Clara Buddenbrook,true,"Adding 'Aline Puvogel' to parents list of 'Clara Buddenbrook' should  fail
because Clara Buddenbrook has already two other parents : [Johann (Jean) Buddenbrook, Elisabeth (Bethsy) Kroeger]"
Gerda Arnoldsen,Clara Buddenbrook,true,"Adding 'Gerda Arnoldsen' to parents list of 'Clara Buddenbrook' should  fail
because Clara Buddenbrook has already two other parents : [Johann (Jean) Buddenbrook, Elisabeth (Bethsy) Kroeger]"
Sievert Tiburtius,Clara Buddenbrook,true,"Adding 'Sievert Tiburtius' to parents list of 'Clara Buddenbrook' should  fail
because Sievert Tiburtius is already spouse of Clara Buddenbrook"
Sievert Tiburtius,Clara Buddenbrook,true,"Adding 'Sievert Tiburtius' to parents list of 'Clara Buddenbrook' should  fail
because Clara Buddenbrook has already two other parents : [Johann (Jean) Buddenbrook, Elisabeth (Bethsy) Kroeger]"
Leberecht Kroeger,Clara Buddenbrook,true,"Adding 'Leberecht Kroeger' to parents list of 'Clara Buddenbrook' should  fail
because Leberecht Kroeger is younger than Clara Buddenbrook"
Leberecht Kroeger,Clara Buddenbrook,true,"Adding 'Leberecht Kroeger' to parents list of 'Clara Buddenbrook' should  fail
because Leberecht Kroeger is in parental line of Clara Buddenbrook"
Leberecht Kroeger,Clara Buddenbrook,true,"Adding 'Leberecht Kroeger' to parents list of 'Clara Buddenbrook' should  fail
because Clara Buddenbrook has already two other parents : [Johann (Jean) Buddenbrook, Elisabeth (Bethsy) Kroeger]"
Elisabeth (Bethsy) Kroeger,Clara Buddenbrook,true,"Adding 'Elisabeth (Bethsy) Kroeger' to parents list of 'Clara Buddenbrook' should  fail
because Elisabeth (Bethsy) Kroeger is already parent of Clara Buddenbrook"
Elisabeth (Bethsy) Kroeger,Clara Buddenbrook,true,"Adding 'Elisabeth (Bethsy) Kroeger' to parents list of 'Clara Buddenbrook' should  fail
because Elisabeth (Bethsy) Kroeger is in parental line of Clara Buddenbrook"
Elisabeth (Bethsy) Kroeger,Clara Buddenbrook,true,"Adding 'Elisabeth (Bethsy) Kroeger' to parents list of 'Clara Buddenbrook' should  fail
because Clara Buddenbrook has already two other parents : [Johann (Jean) Buddenbrook, Elisabeth (Bethsy) Kroeger]"
Justus Kroeger,Clara Buddenbrook,true,"Adding 'Justus Kroeger' to parents list of 'Clara Buddenbrook' should  fail
because Clara Buddenbrook has already two other parents : [Johann (Jean) Buddenbrook, Elisabeth (Bethsy) Kroeger]"
Jakob Kroeger,Clara Buddenbrook,true,"Adding 'Jakob Kroeger' to parents list of 'Clara Buddenbrook' should  fail
because Clara Buddenbrook has already two other parents : [Johann (Jean) Buddenbrook, Elisabeth (Bethsy) Kroeger]"
Juergen Kroeger,Clara Buddenbrook,true,"Adding 'Juergen Kroeger' to parents list of 'Clara Buddenbrook' should  fail
because Clara Buddenbrook has already two other parents : [Johann (Jean) Buddenbrook, Elisabeth (Bethsy) Kroeger]"
Rosalie Overdiek,Clara Buddenbrook,true,"Adding 'Rosalie Overdiek' to parents list of 'Clara Buddenbrook' should  fail
because Clara Buddenbrook has already two other parents : [Johann (Jean) Buddenbrook, Elisabeth (Bethsy) Kroeger]"
Catharina Kroeger,Clara Buddenbrook,true,"Adding 'Catharina Kroeger' to parents list of 'Clara Buddenbrook' should  fail
because Catharina Kroeger is in parental line of Clara Buddenbrook"
Catharina Kroeger,Clara Buddenbrook,true,"Adding 'Catharina Kroeger' to parents list of 'Clara Buddenbrook' should  fail
because Clara Buddenbrook has already two other parents : [Johann (Jean) Buddenbrook, Elisabeth (Bethsy) Kroeger]"
Johan Buddenbrook,Hanno Buddenbrook,true,"Adding 'Johan Buddenbrook' to parents list of 'Hanno Buddenbrook' should  fail
because Johan Buddenbrook is in parental line of Hanno Buddenbrook"
Johan Buddenbrook,Hanno Buddenbrook,true,"Adding 'Johan Buddenbrook' to parents list of 'Hanno Buddenbrook' should  fail
because Hanno Buddenbrook has already two other parents : [Thomas Buddenbrook, Gerda Arnoldsen]"
Alien Alien,Hanno Buddenbrook,true,"Adding 'Alien Alien' to parents list of 'Hanno Buddenbrook' should  fail
because Hanno Buddenbrook has already two other parents : [Thomas Buddenbrook, Gerda Arnoldsen]"
Johann Buddenbrook,Hanno Buddenbrook,true,"Adding 'Johann Buddenbrook' to parents list of 'Hanno Buddenbrook' should  fail
because Johann Buddenbrook is in parental line of Hanno Buddenbrook"
Johann Buddenbrook,Hanno Buddenbrook,true,"Adding 'Johann Buddenbrook' to parents list of 'Hanno Buddenbrook' should  fail
because Hanno Buddenbrook has already two other parents : [Thomas Buddenbrook, Gerda Arnoldsen]"
Bernhard Buddenbrook,Hanno Buddenbrook,true,"Adding 'Bernhard Buddenbrook' to parents list of 'Hanno Buddenbrook' should  fail
because Hanno Buddenbrook has already two other parents : [Thomas Buddenbrook, Gerda Arnoldsen]"
Josephine Buddenbrook,Hanno Buddenbrook,true,"Adding 'Josephine Buddenbrook' to parents list of 'Hanno Buddenbrook' should  fail
because Hanno Buddenbrook has already two other parents : [Thomas Buddenbrook, Gerda Arnoldsen]"
Antoinette Duchamps,Hanno Buddenbrook,true,"Adding 'Antoinette Duchamps' to parents list of 'Hanno Buddenbrook' should  fail
because Antoinette Duchamps is in parental line of Hanno Buddenbrook"
Antoinette Duchamps,Hanno Buddenbrook,true,"Adding 'Antoinette Duchamps' to parents list of 'Hanno Buddenbrook' should  fail
because Hanno Buddenbrook has already two other parents : [Thomas Buddenbrook, Gerda Arnoldsen]"
Gotthold Buddenbrook,Hanno Buddenbrook,true,"Adding 'Gotthold Buddenbrook' to parents list of 'Hanno Buddenbrook' should  fail
because Hanno Buddenbrook has already two other parents : [Thomas Buddenbrook, Gerda Arnoldsen]"
Rosalie Stuewing,Hanno Buddenbrook,true,"Adding 'Rosalie Stuewing' to parents list of 'Hanno Buddenbrook' should  fail
because Hanno Buddenbrook has already two other parents : [Thomas Buddenbrook, Gerda Arnoldsen]"
Frederike Buddenbrook,Hanno Buddenbrook,true,"Adding 'Frederike Buddenbrook' to parents list of 'Hanno Buddenbrook' should  fail
because Hanno Buddenbrook has already two other parents : [Thomas Buddenbrook, Gerda Arnoldsen]"
Henriette Buddenbrook,Hanno Buddenbrook,true,"Adding 'Henriette Buddenbrook' to parents list of 'Hanno Buddenbrook' should  fail
because Hanno Buddenbrook has already two other parents : [Thomas Buddenbrook, Gerda Arnoldsen]"
Pfiffi Buddenbrook,Hanno Buddenbrook,true,"Adding 'Pfiffi Buddenbrook' to parents list of 'Hanno Buddenbrook' should  fail
because Hanno Buddenbrook has already two other parents : [Thomas Buddenbrook, Gerda Arnoldsen]"
Olly Buddenbrook,Hanno Buddenbrook,true,"Adding 'Olly Buddenbrook' to parents list of 'Hanno Buddenbrook' should  fail
because Hanno Buddenbrook has already two other parents : [Thomas Buddenbrook, Gerda Arnoldsen]"
Johann (Jean) Buddenbrook,Hanno Buddenbrook,true,"Adding 'Johann (Jean) Buddenbrook' to parents list of 'Hanno Buddenbrook' should  fail
because Johann (Jean) Buddenbrook is in parental line of Hanno Buddenbrook"
Johann (Jean) Buddenbrook,Hanno Buddenbrook,true,"Adding 'Johann (Jean) Buddenbrook' to parents list of 'Hanno Buddenbrook' should  fail
because Hanno Buddenbrook has already two other parents : [Thomas Buddenbrook, Gerda Arnoldsen]"
Klothilde Buddenbrook,Hanno Buddenbrook,true,"Adding 'Klothilde Buddenbrook' to parents list of 'Hanno Buddenbrook' should  fail
because Hanno Buddenbrook has already two other parents : [Thomas Buddenbrook, Gerda Arnoldsen]"
Thomas Buddenbrook,Hanno Buddenbrook,true,"Adding 'Thomas Buddenbrook' to parents list of 'Hanno Buddenbrook' should  fail
because Thomas Buddenbrook is already parent of Hanno Buddenbrook"
Thomas Buddenbrook,Hanno Buddenbrook,true,"Adding 'Thomas Buddenbrook' to parents list of 'Hanno Buddenbrook' should  fail
because Thomas Buddenbrook is in parental line of Hanno Buddenbrook"
Thomas Buddenbrook,Hanno Buddenbrook,true,"Adding 'Thomas Buddenbrook' to parents list of 'Hanno Buddenbrook' should  fail
because Hanno Buddenbrook has already two other parents : [Thomas Buddenbrook, Gerda Arnoldsen]"
Antonie (Tony) Buddenbrook,Hanno Buddenbrook,true,"Adding 'Antonie (Tony) Buddenbrook' to parents list of 'Hanno Buddenbrook' should  fail
because Hanno Buddenbrook has already two other parents : [Thomas Buddenbrook, Gerda Arnoldsen]"
Christian Buddenbrook,Hanno Buddenbrook,true,"Adding 'Christian Buddenbrook' to parents list of 'Hanno Buddenbrook' should  fail
because Hanno Buddenbrook has already two other parents : [Thomas Buddenbrook, Gerda Arnoldsen]"
Clara Buddenbrook,Hanno Buddenbrook,true,"Adding 'Clara Buddenbrook' to parents list of 'Hanno Buddenbrook' should  fail
because Hanno Buddenbrook has already two other parents : [Thomas Buddenbrook, Gerda Arnoldsen]"
Hanno Buddenbrook,Hanno Buddenbrook,true,"Adding 'Hanno Buddenbrook' to parents list of 'Hanno Buddenbrook' should  fail
because Persons are equal."
Hanno Buddenbrook,Hanno Buddenbrook,true,"Adding 'Hanno Buddenbrook' to parents list of 'Hanno Buddenbrook' should  fail
because Hanno Buddenbrook is already sibling of Hanno Buddenbrook"
Hanno Buddenbrook,Hanno Buddenbrook,true,"Adding 'Hanno Buddenbrook' to parents list of 'Hanno Buddenbrook' should  fail
because Hanno Buddenbrook has already two other parents : [Thomas Buddenbrook, Gerda Arnoldsen]"
Erika Gruenlich,Hanno Buddenbrook,true,"Adding 'Erika Gruenlich' to parents list of 'Hanno Buddenbrook' should  fail
because Hanno Buddenbrook has already two other parents : [Thomas Buddenbrook, Gerda Arnoldsen]"
Elisabeth Weinschenk,Hanno Buddenbrook,true,"Adding 'Elisabeth Weinschenk' to parents list of 'Hanno Buddenbrook' should  fail
because Hanno Buddenbrook has already two other parents : [Thomas Buddenbrook, Gerda Arnoldsen]"
Hugo Weinschenk,Hanno Buddenbrook,true,"Adding 'Hugo Weinschenk' to parents list of 'Hanno Buddenbrook' should  fail
because Hanno Buddenbrook has already two other parents : [Thomas Buddenbrook, Gerda Arnoldsen]"
Alois Permaneder,Hanno Buddenbrook,true,"Adding 'Alois Permaneder' to parents list of 'Hanno Buddenbrook' should  fail
because Hanno Buddenbrook has already two other parents : [Thomas Buddenbrook, Gerda Arnoldsen]"
Bendix Gruenlich,Hanno Buddenbrook,true,"Adding 'Bendix Gruenlich' to parents list of 'Hanno Buddenbrook' should  fail
because Hanno Buddenbrook has already two other parents : [Thomas Buddenbrook, Gerda Arnoldsen]"
Gisela Buddenbrook,Hanno Buddenbrook,true,"Adding 'Gisela Buddenbrook' to parents list of 'Hanno Buddenbrook' should  fail
because Hanno Buddenbrook has already two other parents : [Thomas Buddenbrook, Gerda Arnoldsen]"
Aline Puvogel,Hanno Buddenbrook,true,"Adding 'Aline Puvogel' to parents list of 'Hanno Buddenbrook' should  fail
because Hanno Buddenbrook has already two other parents : [Thomas Buddenbrook, Gerda Arnoldsen]"
Gerda Arnoldsen,Hanno Buddenbrook,true,"Adding 'Gerda Arnoldsen' to parents list of 'Hanno Buddenbrook' should  fail
because Gerda Arnoldsen is already parent of Hanno Buddenbrook"
Gerda Arnoldsen,Hanno Buddenbrook,true,"Adding 'Gerda Arnoldsen' to parents list of 'Hanno Buddenbrook' should  fail
because Gerda Arnoldsen is in parental line of Hanno Buddenbrook"
Gerda Arnoldsen,Hanno Buddenbrook,true,"Adding 'Gerda Arnoldsen' to parents list of 'Hanno Buddenbrook' should  fail
because Hanno Buddenbrook has already two other parents : [Thomas Buddenbrook, Gerda Arnoldsen]"
Sievert Tiburtius,Hanno Buddenbrook,true,"Adding 'Sievert Tiburtius' to parents list of 'Hanno Buddenbrook' should  fail
because Hanno Buddenbrook has already two other parents : [Thomas Buddenbrook, Gerda Arnoldsen]"
Leberecht Kroeger,Hanno Buddenbrook,true,"Adding 'Leberecht Kroeger' to parents list of 'Hanno Buddenbrook' should  fail
because Leberecht Kroeger is in parental line of Hanno Buddenbrook"
Leberecht Kroeger,Hanno Buddenbrook,true,"Adding 'Leberecht Kroeger' to parents list of 'Hanno Buddenbrook' should  fail
because Hanno Buddenbrook has already two other parents : [Thomas Buddenbrook, Gerda Arnoldsen]"
Elisabeth (Bethsy) Kroeger,Hanno Buddenbrook,true,"Adding 'Elisabeth (Bethsy) Kroeger' to parents list of 'Hanno Buddenbrook' should  fail
because Elisabeth (Bethsy) Kroeger is in parental line of Hanno Buddenbrook"
Elisabeth (Bethsy) Kroeger,Hanno Buddenbrook,true,"Adding 'Elisabeth (Bethsy) Kroeger' to parents list of 'Hanno Buddenbrook' should  fail
because Hanno Buddenbrook has already two other parents : [Thomas Buddenbrook, Gerda Arnoldsen]"
Justus Kroeger,Hanno Buddenbrook,true,"Adding 'Justus Kroeger' to parents list of 'Hanno Buddenbrook' should  fail
because Hanno Buddenbrook has already two other parents : [Thomas Buddenbrook, Gerda Arnoldsen]"
Jakob Kroeger,Hanno Buddenbrook,true,"Adding 'Jakob Kroeger' to parents list of 'Hanno Buddenbrook' should  fail
because Hanno Buddenbrook has already two other parents : [Thomas Buddenbrook, Gerda Arnoldsen]"
Juergen Kroeger,Hanno Buddenbrook,true,"Adding 'Juergen Kroeger' to parents list of 'Hanno Buddenbrook' should  fail
because Hanno Buddenbrook has already two other parents : [Thomas Buddenbrook, Gerda Arnoldsen]"
Rosalie Overdiek,Hanno Buddenbrook,true,"Adding 'Rosalie Overdiek' to parents list of 'Hanno Buddenbrook' should  fail
because Hanno Buddenbrook has already two other parents : [Thomas Buddenbrook, Gerda Arnoldsen]"
Catharina Kroeger,Hanno Buddenbrook,true,"Adding 'Catharina Kroeger' to parents list of 'Hanno Buddenbrook' should  fail
because Catharina Kroeger is in parental line of Hanno Buddenbrook"
Catharina Kroeger,Hanno Buddenbrook,true,"Adding 'Catharina Kroeger' to parents list of 'Hanno Buddenbrook' should  fail
because Hanno Buddenbrook has already two other parents : [Thomas Buddenbrook, Gerda Arnoldsen]"
Johan Buddenbrook,Erika Gruenlich,true,"Adding 'Johan Buddenbrook' to parents list of 'Erika Gruenlich' should  fail
because Johan Buddenbrook is in parental line of Erika Gruenlich"
Johan Buddenbrook,Erika Gruenlich,true,"Adding 'Johan Buddenbrook' to parents list of 'Erika Gruenlich' should  fail
because Erika Gruenlich has already two other parents : [Antonie (Tony) Buddenbrook, Bendix Gruenlich]"
Alien Alien,Erika Gruenlich,true,"Adding 'Alien Alien' to parents list of 'Erika Gruenlich' should  fail
because Erika Gruenlich has already two other parents : [Antonie (Tony) Buddenbrook, Bendix Gruenlich]"
Johann Buddenbrook,Erika Gruenlich,true,"Adding 'Johann Buddenbrook' to parents list of 'Erika Gruenlich' should  fail
because Johann Buddenbrook is in parental line of Erika Gruenlich"
Johann Buddenbrook,Erika Gruenlich,true,"Adding 'Johann Buddenbrook' to parents list of 'Erika Gruenlich' should  fail
because Erika Gruenlich has already two other parents : [Antonie (Tony) Buddenbrook, Bendix Gruenlich]"
Bernhard Buddenbrook,Erika Gruenlich,true,"Adding 'Bernhard Buddenbrook' to parents list of 'Erika Gruenlich' should  fail
because Erika Gruenlich has already two other parents : [Antonie (Tony) Buddenbrook, Bendix Gruenlich]"
Josephine Buddenbrook,Erika Gruenlich,true,"Adding 'Josephine Buddenbrook' to parents list of 'Erika Gruenlich' should  fail
because Erika Gruenlich has already two other parents : [Antonie (Tony) Buddenbrook, Bendix Gruenlich]"
Antoinette Duchamps,Erika Gruenlich,true,"Adding 'Antoinette Duchamps' to parents list of 'Erika Gruenlich' should  fail
because Antoinette Duchamps is in parental line of Erika Gruenlich"
Antoinette Duchamps,Erika Gruenlich,true,"Adding 'Antoinette Duchamps' to parents list of 'Erika Gruenlich' should  fail
because Erika Gruenlich has already two other parents : [Antonie (Tony) Buddenbrook, Bendix Gruenlich]"
Gotthold Buddenbrook,Erika Gruenlich,true,"Adding 'Gotthold Buddenbrook' to parents list of 'Erika Gruenlich' should  fail
because Erika Gruenlich has already two other parents : [Antonie (Tony) Buddenbrook, Bendix Gruenlich]"
Rosalie Stuewing,Erika Gruenlich,true,"Adding 'Rosalie Stuewing' to parents list of 'Erika Gruenlich' should  fail
because Erika Gruenlich has already two other parents : [Antonie (Tony) Buddenbrook, Bendix Gruenlich]"
Frederike Buddenbrook,Erika Gruenlich,true,"Adding 'Frederike Buddenbrook' to parents list of 'Erika Gruenlich' should  fail
because Erika Gruenlich has already two other parents : [Antonie (Tony) Buddenbrook, Bendix Gruenlich]"
Henriette Buddenbrook,Erika Gruenlich,true,"Adding 'Henriette Buddenbrook' to parents list of 'Erika Gruenlich' should  fail
because Erika Gruenlich has already two other parents : [Antonie (Tony) Buddenbrook, Bendix Gruenlich]"
Pfiffi Buddenbrook,Erika Gruenlich,true,"Adding 'Pfiffi Buddenbrook' to parents list of 'Erika Gruenlich' should  fail
because Erika Gruenlich has already two other parents : [Antonie (Tony) Buddenbrook, Bendix Gruenlich]"
Olly Buddenbrook,Erika Gruenlich,true,"Adding 'Olly Buddenbrook' to parents list of 'Erika Gruenlich' should  fail
because Erika Gruenlich has already two other parents : [Antonie (Tony) Buddenbrook, Bendix Gruenlich]"
Johann (Jean) Buddenbrook,Erika Gruenlich,true,"Adding 'Johann (Jean) Buddenbrook' to parents list of 'Erika Gruenlich' should  fail
because Johann (Jean) Buddenbrook is in parental line of Erika Gruenlich"
Johann (Jean) Buddenbrook,Erika Gruenlich,true,"Adding 'Johann (Jean) Buddenbrook' to parents list of 'Erika Gruenlich' should  fail
because Erika Gruenlich has already two other parents : [Antonie (Tony) Buddenbrook, Bendix Gruenlich]"
Klothilde Buddenbrook,Erika Gruenlich,true,"Adding 'Klothilde Buddenbrook' to parents list of 'Erika Gruenlich' should  fail
because Erika Gruenlich has already two other parents : [Antonie (Tony) Buddenbrook, Bendix Gruenlich]"
Thomas Buddenbrook,Erika Gruenlich,true,"Adding 'Thomas Buddenbrook' to parents list of 'Erika Gruenlich' should  fail
because Erika Gruenlich has already two other parents : [Antonie (Tony) Buddenbrook, Bendix Gruenlich]"
Antonie (Tony) Buddenbrook,Erika Gruenlich,true,"Adding 'Antonie (Tony) Buddenbrook' to parents list of 'Erika Gruenlich' should  fail
because Antonie (Tony) Buddenbrook is already parent of Erika Gruenlich"
Antonie (Tony) Buddenbrook,Erika Gruenlich,true,"Adding 'Antonie (Tony) Buddenbrook' to parents list of 'Erika Gruenlich' should  fail
because Antonie (Tony) Buddenbrook is in parental line of Erika Gruenlich"
Antonie (Tony) Buddenbrook,Erika Gruenlich,true,"Adding 'Antonie (Tony) Buddenbrook' to parents list of 'Erika Gruenlich' should  fail
because Erika Gruenlich has already two other parents : [Antonie (Tony) Buddenbrook, Bendix Gruenlich]"
Christian Buddenbrook,Erika Gruenlich,true,"Adding 'Christian Buddenbrook' to parents list of 'Erika Gruenlich' should  fail
because Erika Gruenlich has already two other parents : [Antonie (Tony) Buddenbrook, Bendix Gruenlich]"
Clara Buddenbrook,Erika Gruenlich,true,"Adding 'Clara Buddenbrook' to parents list of 'Erika Gruenlich' should  fail
because Erika Gruenlich has already two other parents : [Antonie (Tony) Buddenbrook, Bendix Gruenlich]"
Hanno Buddenbrook,Erika Gruenlich,true,"Adding 'Hanno Buddenbrook' to parents list of 'Erika Gruenlich' should  fail
because Hanno Buddenbrook is younger than Erika Gruenlich"
Hanno Buddenbrook,Erika Gruenlich,true,"Adding 'Hanno Buddenbrook' to parents list of 'Erika Gruenlich' should  fail
because Erika Gruenlich has already two other parents : [Antonie (Tony) Buddenbrook, Bendix Gruenlich]"
Erika Gruenlich,Erika Gruenlich,true,"Adding 'Erika Gruenlich' to parents list of 'Erika Gruenlich' should  fail
because Persons are equal."
Erika Gruenlich,Erika Gruenlich,true,"Adding 'Erika Gruenlich' to parents list of 'Erika Gruenlich' should  fail
because Erika Gruenlich is already sibling of Erika Gruenlich"
Erika Gruenlich,Erika Gruenlich,true,"Adding 'Erika Gruenlich' to parents list of 'Erika Gruenlich' should  fail
because Erika Gruenlich has already two other parents : [Antonie (Tony) Buddenbrook, Bendix Gruenlich]"
Elisabeth Weinschenk,Erika Gruenlich,true,"Adding 'Elisabeth Weinschenk' to parents list of 'Erika Gruenlich' should  fail
because Elisabeth Weinschenk is already child of Erika Gruenlich"
Elisabeth Weinschenk,Erika Gruenlich,true,"Adding 'Elisabeth Weinschenk' to parents list of 'Erika Gruenlich' should  fail
because Elisabeth Weinschenk is in children's line of Erika Gruenlich"
Elisabeth Weinschenk,Erika Gruenlich,true,"Adding 'Elisabeth Weinschenk' to parents list of 'Erika Gruenlich' should  fail
because Erika Gruenlich has already two other parents : [Antonie (Tony) Buddenbrook, Bendix Gruenlich]"
Hugo Weinschenk,Erika Gruenlich,true,"Adding 'Hugo Weinschenk' to parents list of 'Erika Gruenlich' should  fail
because Hugo Weinschenk is already spouse of Erika Gruenlich"
Hugo Weinschenk,Erika Gruenlich,true,"Adding 'Hugo Weinschenk' to parents list of 'Erika Gruenlich' should  fail
because Erika Gruenlich has already two other parents : [Antonie (Tony) Buddenbrook, Bendix Gruenlich]"
Alois Permaneder,Erika Gruenlich,true,"Adding 'Alois Permaneder' to parents list of 'Erika Gruenlich' should  fail
because Erika Gruenlich has already two other parents : [Antonie (Tony) Buddenbrook, Bendix Gruenlich]"
Bendix Gruenlich,Erika Gruenlich,true,"Adding 'Bendix Gruenlich' to parents list of 'Erika Gruenlich' should  fail
because Bendix Gruenlich is already parent of Erika Gruenlich"
Bendix Gruenlich,Erika Gruenlich,true,"Adding 'Bendix Gruenlich' to parents list of 'Erika Gruenlich' should  fail
because Bendix Gruenlich is in parental line of Erika Gruenlich"
Bendix Gruenlich,Erika Gruenlich,true,"Adding 'Bendix Gruenlich' to parents list of 'Erika Gruenlich' should  fail
because Erika Gruenlich has already two other parents : [Antonie (Tony) Buddenbrook, Bendix Gruenlich]"
Gisela Buddenbrook,Erika Gruenlich,true,"Adding 'Gisela Buddenbrook' to parents list of 'Erika Gruenlich' should  fail
because Gisela Buddenbrook is younger than Erika Gruenlich"
Gisela Buddenbrook,Erika Gruenlich,true,"Adding 'Gisela Buddenbrook' to parents list of 'Erika Gruenlich' should  fail
because Erika Gruenlich has already two other parents : [Antonie (Tony) Buddenbrook, Bendix Gruenlich]"
Aline Puvogel,Erika Gruenlich,true,"Adding 'Aline Puvogel' to parents list of 'Erika Gruenlich' should  fail
because Erika Gruenlich has already two other parents : [Antonie (Tony) Buddenbrook, Bendix Gruenlich]"
Gerda Arnoldsen,Erika Gruenlich,true,"Adding 'Gerda Arnoldsen' to parents list of 'Erika Gruenlich' should  fail
because Erika Gruenlich has already two other parents : [Antonie (Tony) Buddenbrook, Bendix Gruenlich]"
Sievert Tiburtius,Erika Gruenlich,true,"Adding 'Sievert Tiburtius' to parents list of 'Erika Gruenlich' should  fail
because Erika Gruenlich has already two other parents : [Antonie (Tony) Buddenbrook, Bendix Gruenlich]"
Leberecht Kroeger,Erika Gruenlich,true,"Adding 'Leberecht Kroeger' to parents list of 'Erika Gruenlich' should  fail
because Leberecht Kroeger is younger than Erika Gruenlich"
Leberecht Kroeger,Erika Gruenlich,true,"Adding 'Leberecht Kroeger' to parents list of 'Erika Gruenlich' should  fail
because Leberecht Kroeger is in parental line of Erika Gruenlich"
Leberecht Kroeger,Erika Gruenlich,true,"Adding 'Leberecht Kroeger' to parents list of 'Erika Gruenlich' should  fail
because Erika Gruenlich has already two other parents : [Antonie (Tony) Buddenbrook, Bendix Gruenlich]"
Elisabeth (Bethsy) Kroeger,Erika Gruenlich,true,"Adding 'Elisabeth (Bethsy) Kroeger' to parents list of 'Erika Gruenlich' should  fail
because Elisabeth (Bethsy) Kroeger is in parental line of Erika Gruenlich"
Elisabeth (Bethsy) Kroeger,Erika Gruenlich,true,"Adding 'Elisabeth (Bethsy) Kroeger' to parents list of 'Erika Gruenlich' should  fail
because Erika Gruenlich has already two other parents : [Antonie (Tony) Buddenbrook, Bendix Gruenlich]"
Justus Kroeger,Erika Gruenlich,true,"Adding 'Justus Kroeger' to parents list of 'Erika Gruenlich' should  fail
because Erika Gruenlich has already two other parents : [Antonie (Tony) Buddenbrook, Bendix Gruenlich]"
Jakob Kroeger,Erika Gruenlich,true,"Adding 'Jakob Kroeger' to parents list of 'Erika Gruenlich' should  fail
because Erika Gruenlich has already two other parents : [Antonie (Tony) Buddenbrook, Bendix Gruenlich]"
Juergen Kroeger,Erika Gruenlich,true,"Adding 'Juergen Kroeger' to parents list of 'Erika Gruenlich' should  fail
because Erika Gruenlich has already two other parents : [Antonie (Tony) Buddenbrook, Bendix Gruenlich]"
Rosalie Overdiek,Erika Gruenlich,true,"Adding 'Rosalie Overdiek' to parents list of 'Erika Gruenlich' should  fail
because Erika Gruenlich has already two other parents : [Antonie (Tony) Buddenbrook, Bendix Gruenlich]"
Catharina Kroeger,Erika Gruenlich,true,"Adding 'Catharina Kroeger' to parents list of 'Erika Gruenlich' should  fail
because Catharina Kroeger is in parental line of Erika Gruenlich"
Catharina Kroeger,Erika Gruenlich,true,"Adding 'Catharina Kroeger' to parents list of 'Erika Gruenlich' should  fail
because Erika Gruenlich has already two other parents : [Antonie (Tony) Buddenbrook, Bendix Gruenlich]"
Johan Buddenbrook,Elisabeth Weinschenk,true,"Adding 'Johan Buddenbrook' to parents list of 'Elisabeth Weinschenk' should  fail
because Johan Buddenbrook is in parental line of Elisabeth Weinschenk"
Johan Buddenbrook,Elisabeth Weinschenk,true,"Adding 'Johan Buddenbrook' to parents list of 'Elisabeth Weinschenk' should  fail
because Elisabeth Weinschenk has already two other parents : [Erika Gruenlich, Hugo Weinschenk]"
Alien Alien,Elisabeth Weinschenk,true,"Adding 'Alien Alien' to parents list of 'Elisabeth Weinschenk' should  fail
because Elisabeth Weinschenk has already two other parents : [Erika Gruenlich, Hugo Weinschenk]"
Johann Buddenbrook,Elisabeth Weinschenk,true,"Adding 'Johann Buddenbrook' to parents list of 'Elisabeth Weinschenk' should  fail
because Johann Buddenbrook is in parental line of Elisabeth Weinschenk"
Johann Buddenbrook,Elisabeth Weinschenk,true,"Adding 'Johann Buddenbrook' to parents list of 'Elisabeth Weinschenk' should  fail
because Elisabeth Weinschenk has already two other parents : [Erika Gruenlich, Hugo Weinschenk]"
Bernhard Buddenbrook,Elisabeth Weinschenk,true,"Adding 'Bernhard Buddenbrook' to parents list of 'Elisabeth Weinschenk' should  fail
because Elisabeth Weinschenk has already two other parents : [Erika Gruenlich, Hugo Weinschenk]"
Josephine Buddenbrook,Elisabeth Weinschenk,true,"Adding 'Josephine Buddenbrook' to parents list of 'Elisabeth Weinschenk' should  fail
because Elisabeth Weinschenk has already two other parents : [Erika Gruenlich, Hugo Weinschenk]"
Antoinette Duchamps,Elisabeth Weinschenk,true,"Adding 'Antoinette Duchamps' to parents list of 'Elisabeth Weinschenk' should  fail
because Antoinette Duchamps is in parental line of Elisabeth Weinschenk"
Antoinette Duchamps,Elisabeth Weinschenk,true,"Adding 'Antoinette Duchamps' to parents list of 'Elisabeth Weinschenk' should  fail
because Elisabeth Weinschenk has already two other parents : [Erika Gruenlich, Hugo Weinschenk]"
Gotthold Buddenbrook,Elisabeth Weinschenk,true,"Adding 'Gotthold Buddenbrook' to parents list of 'Elisabeth Weinschenk' should  fail
because Elisabeth Weinschenk has already two other parents : [Erika Gruenlich, Hugo Weinschenk]"
Rosalie Stuewing,Elisabeth Weinschenk,true,"Adding 'Rosalie Stuewing' to parents list of 'Elisabeth Weinschenk' should  fail
because Elisabeth Weinschenk has already two other parents : [Erika Gruenlich, Hugo Weinschenk]"
Frederike Buddenbrook,Elisabeth Weinschenk,true,"Adding 'Frederike Buddenbrook' to parents list of 'Elisabeth Weinschenk' should  fail
because Elisabeth Weinschenk has already two other parents : [Erika Gruenlich, Hugo Weinschenk]"
Henriette Buddenbrook,Elisabeth Weinschenk,true,"Adding 'Henriette Buddenbrook' to parents list of 'Elisabeth Weinschenk' should  fail
because Elisabeth Weinschenk has already two other parents : [Erika Gruenlich, Hugo Weinschenk]"
Pfiffi Buddenbrook,Elisabeth Weinschenk,true,"Adding 'Pfiffi Buddenbrook' to parents list of 'Elisabeth Weinschenk' should  fail
because Elisabeth Weinschenk has already two other parents : [Erika Gruenlich, Hugo Weinschenk]"
Olly Buddenbrook,Elisabeth Weinschenk,true,"Adding 'Olly Buddenbrook' to parents list of 'Elisabeth Weinschenk' should  fail
because Elisabeth Weinschenk has already two other parents : [Erika Gruenlich, Hugo Weinschenk]"
Johann (Jean) Buddenbrook,Elisabeth Weinschenk,true,"Adding 'Johann (Jean) Buddenbrook' to parents list of 'Elisabeth Weinschenk' should  fail
because Johann (Jean) Buddenbrook is in parental line of Elisabeth Weinschenk"
Johann (Jean) Buddenbrook,Elisabeth Weinschenk,true,"Adding 'Johann (Jean) Buddenbrook' to parents list of 'Elisabeth Weinschenk' should  fail
because Elisabeth Weinschenk has already two other parents : [Erika Gruenlich, Hugo Weinschenk]"
Klothilde Buddenbrook,Elisabeth Weinschenk,true,"Adding 'Klothilde Buddenbrook' to parents list of 'Elisabeth Weinschenk' should  fail
because Elisabeth Weinschenk has already two other parents : [Erika Gruenlich, Hugo Weinschenk]"
Thomas Buddenbrook,Elisabeth Weinschenk,true,"Adding 'Thomas Buddenbrook' to parents list of 'Elisabeth Weinschenk' should  fail
because Elisabeth Weinschenk has already two other parents : [Erika Gruenlich, Hugo Weinschenk]"
Antonie (Tony) Buddenbrook,Elisabeth Weinschenk,true,"Adding 'Antonie (Tony) Buddenbrook' to parents list of 'Elisabeth Weinschenk' should  fail
because Antonie (Tony) Buddenbrook is in parental line of Elisabeth Weinschenk"
Antonie (Tony) Buddenbrook,Elisabeth Weinschenk,true,"Adding 'Antonie (Tony) Buddenbrook' to parents list of 'Elisabeth Weinschenk' should  fail
because Elisabeth Weinschenk has already two other parents : [Erika Gruenlich, Hugo Weinschenk]"
Christian Buddenbrook,Elisabeth Weinschenk,true,"Adding 'Christian Buddenbrook' to parents list of 'Elisabeth Weinschenk' should  fail
because Elisabeth Weinschenk has already two other parents : [Erika Gruenlich, Hugo Weinschenk]"
Clara Buddenbrook,Elisabeth Weinschenk,true,"Adding 'Clara Buddenbrook' to parents list of 'Elisabeth Weinschenk' should  fail
because Elisabeth Weinschenk has already two other parents : [Erika Gruenlich, Hugo Weinschenk]"
Hanno Buddenbrook,Elisabeth Weinschenk,true,"Adding 'Hanno Buddenbrook' to parents list of 'Elisabeth Weinschenk' should  fail
because Elisabeth Weinschenk has already two other parents : [Erika Gruenlich, Hugo Weinschenk]"
Erika Gruenlich,Elisabeth Weinschenk,true,"Adding 'Erika Gruenlich' to parents list of 'Elisabeth Weinschenk' should  fail
because Erika Gruenlich is already parent of Elisabeth Weinschenk"
Erika Gruenlich,Elisabeth Weinschenk,true,"Adding 'Erika Gruenlich' to parents list of 'Elisabeth Weinschenk' should  fail
because Erika Gruenlich is in parental line of Elisabeth Weinschenk"
Erika Gruenlich,Elisabeth Weinschenk,true,"Adding 'Erika Gruenlich' to parents list of 'Elisabeth Weinschenk' should  fail
because Elisabeth Weinschenk has already two other parents : [Erika Gruenlich, Hugo Weinschenk]"
Elisabeth Weinschenk,Elisabeth Weinschenk,true,"Adding 'Elisabeth Weinschenk' to parents list of 'Elisabeth Weinschenk' should  fail
because Persons are equal."
Elisabeth Weinschenk,Elisabeth Weinschenk,true,"Adding 'Elisabeth Weinschenk' to parents list of 'Elisabeth Weinschenk' should  fail
because Elisabeth Weinschenk is already sibling of Elisabeth Weinschenk"
Elisabeth Weinschenk,Elisabeth Weinschenk,true,"Adding 'Elisabeth Weinschenk' to parents list of 'Elisabeth Weinschenk' should  fail
because Elisabeth Weinschenk has already two other parents : [Erika Gruenlich, Hugo Weinschenk]"
Hugo Weinschenk,Elisabeth Weinschenk,true,"Adding 'Hugo Weinschenk' to parents list of 'Elisabeth Weinschenk' should  fail
because Hugo Weinschenk is already parent of Elisabeth Weinschenk"
Hugo Weinschenk,Elisabeth Weinschenk,true,"Adding 'Hugo Weinschenk' to parents list of 'Elisabeth Weinschenk' should  fail
because Hugo Weinschenk is in parental line of Elisabeth Weinschenk"
Hugo Weinschenk,Elisabeth Weinschenk,true,"Adding 'Hugo Weinschenk' to parents list of 'Elisabeth Weinschenk' should  fail
because Elisabeth Weinschenk has already two other parents : [Erika Gruenlich, Hugo Weinschenk]"
Alois Permaneder,Elisabeth Weinschenk,true,"Adding 'Alois Permaneder' to parents list of 'Elisabeth Weinschenk' should  fail
because Elisabeth Weinschenk has already two other parents : [Erika Gruenlich, Hugo Weinschenk]"
Bendix Gruenlich,Elisabeth Weinschenk,true,"Adding 'Bendix Gruenlich' to parents list of 'Elisabeth Weinschenk' should  fail
because Bendix Gruenlich is in parental line of Elisabeth Weinschenk"
Bendix Gruenlich,Elisabeth Weinschenk,true,"Adding 'Bendix Gruenlich' to parents list of 'Elisabeth Weinschenk' should  fail
because Elisabeth Weinschenk has already two other parents : [Erika Gruenlich, Hugo Weinschenk]"
Gisela Buddenbrook,Elisabeth Weinschenk,true,"Adding 'Gisela Buddenbrook' to parents list of 'Elisabeth Weinschenk' should  fail
because Elisabeth Weinschenk has already two other parents : [Erika Gruenlich, Hugo Weinschenk]"
Aline Puvogel,Elisabeth Weinschenk,true,"Adding 'Aline Puvogel' to parents list of 'Elisabeth Weinschenk' should  fail
because Elisabeth Weinschenk has already two other parents : [Erika Gruenlich, Hugo Weinschenk]"
Gerda Arnoldsen,Elisabeth Weinschenk,true,"Adding 'Gerda Arnoldsen' to parents list of 'Elisabeth Weinschenk' should  fail
because Elisabeth Weinschenk has already two other parents : [Erika Gruenlich, Hugo Weinschenk]"
Sievert Tiburtius,Elisabeth Weinschenk,true,"Adding 'Sievert Tiburtius' to parents list of 'Elisabeth Weinschenk' should  fail
because Elisabeth Weinschenk has already two other parents : [Erika Gruenlich, Hugo Weinschenk]"
Leberecht Kroeger,Elisabeth Weinschenk,true,"Adding 'Leberecht Kroeger' to parents list of 'Elisabeth Weinschenk' should  fail
because Leberecht Kroeger is in parental line of Elisabeth Weinschenk"
Leberecht Kroeger,Elisabeth Weinschenk,true,"Adding 'Leberecht Kroeger' to parents list of 'Elisabeth Weinschenk' should  fail
because Elisabeth Weinschenk has already two other parents : [Erika Gruenlich, Hugo Weinschenk]"
Elisabeth (Bethsy) Kroeger,Elisabeth Weinschenk,true,"Adding 'Elisabeth (Bethsy) Kroeger' to parents list of 'Elisabeth Weinschenk' should  fail
because Elisabeth (Bethsy) Kroeger is in parental line of Elisabeth Weinschenk"
Elisabeth (Bethsy) Kroeger,Elisabeth Weinschenk,true,"Adding 'Elisabeth (Bethsy) Kroeger' to parents list of 'Elisabeth Weinschenk' should  fail
because Elisabeth Weinschenk has already two other parents : [Erika Gruenlich, Hugo Weinschenk]"
Justus Kroeger,Elisabeth Weinschenk,true,"Adding 'Justus Kroeger' to parents list of 'Elisabeth Weinschenk' should  fail
because Elisabeth Weinschenk has already two other parents : [Erika Gruenlich, Hugo Weinschenk]"
Jakob Kroeger,Elisabeth Weinschenk,true,"Adding 'Jakob Kroeger' to parents list of 'Elisabeth Weinschenk' should  fail
because Elisabeth Weinschenk has already two other parents : [Erika Gruenlich, Hugo Weinschenk]"
Juergen Kroeger,Elisabeth Weinschenk,true,"Adding 'Juergen Kroeger' to parents list of 'Elisabeth Weinschenk' should  fail
because Elisabeth Weinschenk has already two other parents : [Erika Gruenlich, Hugo Weinschenk]"
Rosalie Overdiek,Elisabeth Weinschenk,true,"Adding 'Rosalie Overdiek' to parents list of 'Elisabeth Weinschenk' should  fail
because Elisabeth Weinschenk has already two other parents : [Erika Gruenlich, Hugo Weinschenk]"
Catharina Kroeger,Elisabeth Weinschenk,true,"Adding 'Catharina Kroeger' to parents list of 'Elisabeth Weinschenk' should  fail
because Catharina Kroeger is in parental line of Elisabeth Weinschenk"
Catharina Kroeger,Elisabeth Weinschenk,true,"Adding 'Catharina Kroeger' to parents list of 'Elisabeth Weinschenk' should  fail
because Elisabeth Weinschenk has already two other parents : [Erika Gruenlich, Hugo Weinschenk]"
Alien Alien,Hugo Weinschenk,false,"Adding 'Alien Alien' to parents list of 'Hugo Weinschenk' should NOT fail
because Aspirant is alien"
Erika Gruenlich,Hugo Weinschenk,true,"Adding 'Erika Gruenlich' to parents list of 'Hugo Weinschenk' should  fail
because Erika Gruenlich is already spouse of Hugo Weinschenk"
Elisabeth Weinschenk,Hugo Weinschenk,true,"Adding 'Elisabeth Weinschenk' to parents list of 'Hugo Weinschenk' should  fail
because Elisabeth Weinschenk is already child of Hugo Weinschenk"
Elisabeth Weinschenk,Hugo Weinschenk,true,"Adding 'Elisabeth Weinschenk' to parents list of 'Hugo Weinschenk' should  fail
because Elisabeth Weinschenk is in children's line of Hugo Weinschenk"
Hugo Weinschenk,Hugo Weinschenk,true,"Adding 'Hugo Weinschenk' to parents list of 'Hugo Weinschenk' should  fail
because Persons are equal."
Alien Alien,Alois Permaneder,false,"Adding 'Alien Alien' to parents list of 'Alois Permaneder' should NOT fail
because Aspirant is alien"
Antonie (Tony) Buddenbrook,Alois Permaneder,true,"Adding 'Antonie (Tony) Buddenbrook' to parents list of 'Alois Permaneder' should  fail
because Antonie (Tony) Buddenbrook is already spouse of Alois Permaneder"
Alois Permaneder,Alois Permaneder,true,"Adding 'Alois Permaneder' to parents list of 'Alois Permaneder' should  fail
because Persons are equal."
Alien Alien,Bendix Gruenlich,false,"Adding 'Alien Alien' to parents list of 'Bendix Gruenlich' should NOT fail
because Aspirant is alien"
Antonie (Tony) Buddenbrook,Bendix Gruenlich,true,"Adding 'Antonie (Tony) Buddenbrook' to parents list of 'Bendix Gruenlich' should  fail
because Antonie (Tony) Buddenbrook is already spouse of Bendix Gruenlich"
Erika Gruenlich,Bendix Gruenlich,true,"Adding 'Erika Gruenlich' to parents list of 'Bendix Gruenlich' should  fail
because Erika Gruenlich is already child of Bendix Gruenlich"
Erika Gruenlich,Bendix Gruenlich,true,"Adding 'Erika Gruenlich' to parents list of 'Bendix Gruenlich' should  fail
because Erika Gruenlich is in children's line of Bendix Gruenlich"
Elisabeth Weinschenk,Bendix Gruenlich,true,"Adding 'Elisabeth Weinschenk' to parents list of 'Bendix Gruenlich' should  fail
because Elisabeth Weinschenk is in children's line of Bendix Gruenlich"
Bendix Gruenlich,Bendix Gruenlich,true,"Adding 'Bendix Gruenlich' to parents list of 'Bendix Gruenlich' should  fail
because Persons are equal."
Johan Buddenbrook,Gisela Buddenbrook,true,"Adding 'Johan Buddenbrook' to parents list of 'Gisela Buddenbrook' should  fail
because Johan Buddenbrook is in parental line of Gisela Buddenbrook"
Johan Buddenbrook,Gisela Buddenbrook,true,"Adding 'Johan Buddenbrook' to parents list of 'Gisela Buddenbrook' should  fail
because Gisela Buddenbrook has already two other parents : [Christian Buddenbrook, Aline Puvogel]"
Alien Alien,Gisela Buddenbrook,true,"Adding 'Alien Alien' to parents list of 'Gisela Buddenbrook' should  fail
because Gisela Buddenbrook has already two other parents : [Christian Buddenbrook, Aline Puvogel]"
Johann Buddenbrook,Gisela Buddenbrook,true,"Adding 'Johann Buddenbrook' to parents list of 'Gisela Buddenbrook' should  fail
because Johann Buddenbrook is in parental line of Gisela Buddenbrook"
Johann Buddenbrook,Gisela Buddenbrook,true,"Adding 'Johann Buddenbrook' to parents list of 'Gisela Buddenbrook' should  fail
because Gisela Buddenbrook has already two other parents : [Christian Buddenbrook, Aline Puvogel]"
Bernhard Buddenbrook,Gisela Buddenbrook,true,"Adding 'Bernhard Buddenbrook' to parents list of 'Gisela Buddenbrook' should  fail
because Gisela Buddenbrook has already two other parents : [Christian Buddenbrook, Aline Puvogel]"
Josephine Buddenbrook,Gisela Buddenbrook,true,"Adding 'Josephine Buddenbrook' to parents list of 'Gisela Buddenbrook' should  fail
because Gisela Buddenbrook has already two other parents : [Christian Buddenbrook, Aline Puvogel]"
Antoinette Duchamps,Gisela Buddenbrook,true,"Adding 'Antoinette Duchamps' to parents list of 'Gisela Buddenbrook' should  fail
because Antoinette Duchamps is in parental line of Gisela Buddenbrook"
Antoinette Duchamps,Gisela Buddenbrook,true,"Adding 'Antoinette Duchamps' to parents list of 'Gisela Buddenbrook' should  fail
because Gisela Buddenbrook has already two other parents : [Christian Buddenbrook, Aline Puvogel]"
Gotthold Buddenbrook,Gisela Buddenbrook,true,"Adding 'Gotthold Buddenbrook' to parents list of 'Gisela Buddenbrook' should  fail
because Gisela Buddenbrook has already two other parents : [Christian Buddenbrook, Aline Puvogel]"
Rosalie Stuewing,Gisela Buddenbrook,true,"Adding 'Rosalie Stuewing' to parents list of 'Gisela Buddenbrook' should  fail
because Gisela Buddenbrook has already two other parents : [Christian Buddenbrook, Aline Puvogel]"
Frederike Buddenbrook,Gisela Buddenbrook,true,"Adding 'Frederike Buddenbrook' to parents list of 'Gisela Buddenbrook' should  fail
because Gisela Buddenbrook has already two other parents : [Christian Buddenbrook, Aline Puvogel]"
Henriette Buddenbrook,Gisela Buddenbrook,true,"Adding 'Henriette Buddenbrook' to parents list of 'Gisela Buddenbrook' should  fail
because Gisela Buddenbrook has already two other parents : [Christian Buddenbrook, Aline Puvogel]"
Pfiffi Buddenbrook,Gisela Buddenbrook,true,"Adding 'Pfiffi Buddenbrook' to parents list of 'Gisela Buddenbrook' should  fail
because Gisela Buddenbrook has already two other parents : [Christian Buddenbrook, Aline Puvogel]"
Olly Buddenbrook,Gisela Buddenbrook,true,"Adding 'Olly Buddenbrook' to parents list of 'Gisela Buddenbrook' should  fail
because Gisela Buddenbrook has already two other parents : [Christian Buddenbrook, Aline Puvogel]"
Johann (Jean) Buddenbrook,Gisela Buddenbrook,true,"Adding 'Johann (Jean) Buddenbrook' to parents list of 'Gisela Buddenbrook' should  fail
because Johann (Jean) Buddenbrook is in parental line of Gisela Buddenbrook"
Johann (Jean) Buddenbrook,Gisela Buddenbrook,true,"Adding 'Johann (Jean) Buddenbrook' to parents list of 'Gisela Buddenbrook' should  fail
because Gisela Buddenbrook has already two other parents : [Christian Buddenbrook, Aline Puvogel]"
Klothilde Buddenbrook,Gisela Buddenbrook,true,"Adding 'Klothilde Buddenbrook' to parents list of 'Gisela Buddenbrook' should  fail
because Gisela Buddenbrook has already two other parents : [Christian Buddenbrook, Aline Puvogel]"
Thomas Buddenbrook,Gisela Buddenbrook,true,"Adding 'Thomas Buddenbrook' to parents list of 'Gisela Buddenbrook' should  fail
because Gisela Buddenbrook has already two other parents : [Christian Buddenbrook, Aline Puvogel]"
Antonie (Tony) Buddenbrook,Gisela Buddenbrook,true,"Adding 'Antonie (Tony) Buddenbrook' to parents list of 'Gisela Buddenbrook' should  fail
because Gisela Buddenbrook has already two other parents : [Christian Buddenbrook, Aline Puvogel]"
Christian Buddenbrook,Gisela Buddenbrook,true,"Adding 'Christian Buddenbrook' to parents list of 'Gisela Buddenbrook' should  fail
because Christian Buddenbrook is already parent of Gisela Buddenbrook"
Christian Buddenbrook,Gisela Buddenbrook,true,"Adding 'Christian Buddenbrook' to parents list of 'Gisela Buddenbrook' should  fail
because Christian Buddenbrook is in parental line of Gisela Buddenbrook"
Christian Buddenbrook,Gisela Buddenbrook,true,"Adding 'Christian Buddenbrook' to parents list of 'Gisela Buddenbrook' should  fail
because Gisela Buddenbrook has already two other parents : [Christian Buddenbrook, Aline Puvogel]"
Clara Buddenbrook,Gisela Buddenbrook,true,"Adding 'Clara Buddenbrook' to parents list of 'Gisela Buddenbrook' should  fail
because Gisela Buddenbrook has already two other parents : [Christian Buddenbrook, Aline Puvogel]"
Hanno Buddenbrook,Gisela Buddenbrook,true,"Adding 'Hanno Buddenbrook' to parents list of 'Gisela Buddenbrook' should  fail
because Hanno Buddenbrook is younger than Gisela Buddenbrook"
Hanno Buddenbrook,Gisela Buddenbrook,true,"Adding 'Hanno Buddenbrook' to parents list of 'Gisela Buddenbrook' should  fail
because Gisela Buddenbrook has already two other parents : [Christian Buddenbrook, Aline Puvogel]"
Erika Gruenlich,Gisela Buddenbrook,true,"Adding 'Erika Gruenlich' to parents list of 'Gisela Buddenbrook' should  fail
because Gisela Buddenbrook has already two other parents : [Christian Buddenbrook, Aline Puvogel]"
Elisabeth Weinschenk,Gisela Buddenbrook,true,"Adding 'Elisabeth Weinschenk' to parents list of 'Gisela Buddenbrook' should  fail
because Gisela Buddenbrook has already two other parents : [Christian Buddenbrook, Aline Puvogel]"
Hugo Weinschenk,Gisela Buddenbrook,true,"Adding 'Hugo Weinschenk' to parents list of 'Gisela Buddenbrook' should  fail
because Gisela Buddenbrook has already two other parents : [Christian Buddenbrook, Aline Puvogel]"
Alois Permaneder,Gisela Buddenbrook,true,"Adding 'Alois Permaneder' to parents list of 'Gisela Buddenbrook' should  fail
because Gisela Buddenbrook has already two other parents : [Christian Buddenbrook, Aline Puvogel]"
Bendix Gruenlich,Gisela Buddenbrook,true,"Adding 'Bendix Gruenlich' to parents list of 'Gisela Buddenbrook' should  fail
because Gisela Buddenbrook has already two other parents : [Christian Buddenbrook, Aline Puvogel]"
Gisela Buddenbrook,Gisela Buddenbrook,true,"Adding 'Gisela Buddenbrook' to parents list of 'Gisela Buddenbrook' should  fail
because Persons are equal."
Gisela Buddenbrook,Gisela Buddenbrook,true,"Adding 'Gisela Buddenbrook' to parents list of 'Gisela Buddenbrook' should  fail
because Gisela Buddenbrook is already sibling of Gisela Buddenbrook"
Gisela Buddenbrook,Gisela Buddenbrook,true,"Adding 'Gisela Buddenbrook' to parents list of 'Gisela Buddenbrook' should  fail
because Gisela Buddenbrook has already two other parents : [Christian Buddenbrook, Aline Puvogel]"
Aline Puvogel,Gisela Buddenbrook,true,"Adding 'Aline Puvogel' to parents list of 'Gisela Buddenbrook' should  fail
because Aline Puvogel is already parent of Gisela Buddenbrook"
Aline Puvogel,Gisela Buddenbrook,true,"Adding 'Aline Puvogel' to parents list of 'Gisela Buddenbrook' should  fail
because Aline Puvogel is in parental line of Gisela Buddenbrook"
Aline Puvogel,Gisela Buddenbrook,true,"Adding 'Aline Puvogel' to parents list of 'Gisela Buddenbrook' should  fail
because Gisela Buddenbrook has already two other parents : [Christian Buddenbrook, Aline Puvogel]"
Gerda Arnoldsen,Gisela Buddenbrook,true,"Adding 'Gerda Arnoldsen' to parents list of 'Gisela Buddenbrook' should  fail
because Gisela Buddenbrook has already two other parents : [Christian Buddenbrook, Aline Puvogel]"
Sievert Tiburtius,Gisela Buddenbrook,true,"Adding 'Sievert Tiburtius' to parents list of 'Gisela Buddenbrook' should  fail
because Gisela Buddenbrook has already two other parents : [Christian Buddenbrook, Aline Puvogel]"
Leberecht Kroeger,Gisela Buddenbrook,true,"Adding 'Leberecht Kroeger' to parents list of 'Gisela Buddenbrook' should  fail
because Leberecht Kroeger is in parental line of Gisela Buddenbrook"
Leberecht Kroeger,Gisela Buddenbrook,true,"Adding 'Leberecht Kroeger' to parents list of 'Gisela Buddenbrook' should  fail
because Gisela Buddenbrook has already two other parents : [Christian Buddenbrook, Aline Puvogel]"
Elisabeth (Bethsy) Kroeger,Gisela Buddenbrook,true,"Adding 'Elisabeth (Bethsy) Kroeger' to parents list of 'Gisela Buddenbrook' should  fail
because Elisabeth (Bethsy) Kroeger is in parental line of Gisela Buddenbrook"
Elisabeth (Bethsy) Kroeger,Gisela Buddenbrook,true,"Adding 'Elisabeth (Bethsy) Kroeger' to parents list of 'Gisela Buddenbrook' should  fail
because Gisela Buddenbrook has already two other parents : [Christian Buddenbrook, Aline Puvogel]"
Justus Kroeger,Gisela Buddenbrook,true,"Adding 'Justus Kroeger' to parents list of 'Gisela Buddenbrook' should  fail
because Gisela Buddenbrook has already two other parents : [Christian Buddenbrook, Aline Puvogel]"
Jakob Kroeger,Gisela Buddenbrook,true,"Adding 'Jakob Kroeger' to parents list of 'Gisela Buddenbrook' should  fail
because Gisela Buddenbrook has already two other parents : [Christian Buddenbrook, Aline Puvogel]"
Juergen Kroeger,Gisela Buddenbrook,true,"Adding 'Juergen Kroeger' to parents list of 'Gisela Buddenbrook' should  fail
because Gisela Buddenbrook has already two other parents : [Christian Buddenbrook, Aline Puvogel]"
Rosalie Overdiek,Gisela Buddenbrook,true,"Adding 'Rosalie Overdiek' to parents list of 'Gisela Buddenbrook' should  fail
because Gisela Buddenbrook has already two other parents : [Christian Buddenbrook, Aline Puvogel]"
Catharina Kroeger,Gisela Buddenbrook,true,"Adding 'Catharina Kroeger' to parents list of 'Gisela Buddenbrook' should  fail
because Catharina Kroeger is in parental line of Gisela Buddenbrook"
Catharina Kroeger,Gisela Buddenbrook,true,"Adding 'Catharina Kroeger' to parents list of 'Gisela Buddenbrook' should  fail
because Gisela Buddenbrook has already two other parents : [Christian Buddenbrook, Aline Puvogel]"
Alien Alien,Aline Puvogel,false,"Adding 'Alien Alien' to parents list of 'Aline Puvogel' should NOT fail
because Aspirant is alien"
Christian Buddenbrook,Aline Puvogel,true,"Adding 'Christian Buddenbrook' to parents list of 'Aline Puvogel' should  fail
because Christian Buddenbrook is already spouse of Aline Puvogel"
Gisela Buddenbrook,Aline Puvogel,true,"Adding 'Gisela Buddenbrook' to parents list of 'Aline Puvogel' should  fail
because Gisela Buddenbrook is already child of Aline Puvogel"
Gisela Buddenbrook,Aline Puvogel,true,"Adding 'Gisela Buddenbrook' to parents list of 'Aline Puvogel' should  fail
because Gisela Buddenbrook is in children's line of Aline Puvogel"
Aline Puvogel,Aline Puvogel,true,"Adding 'Aline Puvogel' to parents list of 'Aline Puvogel' should  fail
because Persons are equal."
Alien Alien,Gerda Arnoldsen,false,"Adding 'Alien Alien' to parents list of 'Gerda Arnoldsen' should NOT fail
because Aspirant is alien"
Thomas Buddenbrook,Gerda Arnoldsen,true,"Adding 'Thomas Buddenbrook' to parents list of 'Gerda Arnoldsen' should  fail
because Thomas Buddenbrook is already spouse of Gerda Arnoldsen"
Clara Buddenbrook,Gerda Arnoldsen,true,"Adding 'Clara Buddenbrook' to parents list of 'Gerda Arnoldsen' should  fail
because Clara Buddenbrook is younger than Gerda Arnoldsen"
Hanno Buddenbrook,Gerda Arnoldsen,true,"Adding 'Hanno Buddenbrook' to parents list of 'Gerda Arnoldsen' should  fail
because Hanno Buddenbrook is younger than Gerda Arnoldsen"
Hanno Buddenbrook,Gerda Arnoldsen,true,"Adding 'Hanno Buddenbrook' to parents list of 'Gerda Arnoldsen' should  fail
because Hanno Buddenbrook is already child of Gerda Arnoldsen"
Hanno Buddenbrook,Gerda Arnoldsen,true,"Adding 'Hanno Buddenbrook' to parents list of 'Gerda Arnoldsen' should  fail
because Hanno Buddenbrook is in children's line of Gerda Arnoldsen"
Erika Gruenlich,Gerda Arnoldsen,true,"Adding 'Erika Gruenlich' to parents list of 'Gerda Arnoldsen' should  fail
because Erika Gruenlich is younger than Gerda Arnoldsen"
Gisela Buddenbrook,Gerda Arnoldsen,true,"Adding 'Gisela Buddenbrook' to parents list of 'Gerda Arnoldsen' should  fail
because Gisela Buddenbrook is younger than Gerda Arnoldsen"
Gerda Arnoldsen,Gerda Arnoldsen,true,"Adding 'Gerda Arnoldsen' to parents list of 'Gerda Arnoldsen' should  fail
because Persons are equal."
Leberecht Kroeger,Gerda Arnoldsen,true,"Adding 'Leberecht Kroeger' to parents list of 'Gerda Arnoldsen' should  fail
because Leberecht Kroeger is younger than Gerda Arnoldsen"
Alien Alien,Sievert Tiburtius,false,"Adding 'Alien Alien' to parents list of 'Sievert Tiburtius' should NOT fail
because Aspirant is alien"
Clara Buddenbrook,Sievert Tiburtius,true,"Adding 'Clara Buddenbrook' to parents list of 'Sievert Tiburtius' should  fail
because Clara Buddenbrook is already spouse of Sievert Tiburtius"
Clara Buddenbrook,Sievert Tiburtius,true,"Adding 'Clara Buddenbrook' to parents list of 'Sievert Tiburtius' should  fail
because Clara Buddenbrook is younger than Sievert Tiburtius"
Hanno Buddenbrook,Sievert Tiburtius,true,"Adding 'Hanno Buddenbrook' to parents list of 'Sievert Tiburtius' should  fail
because Hanno Buddenbrook is younger than Sievert Tiburtius"
Erika Gruenlich,Sievert Tiburtius,true,"Adding 'Erika Gruenlich' to parents list of 'Sievert Tiburtius' should  fail
because Erika Gruenlich is younger than Sievert Tiburtius"
Gisela Buddenbrook,Sievert Tiburtius,true,"Adding 'Gisela Buddenbrook' to parents list of 'Sievert Tiburtius' should  fail
because Gisela Buddenbrook is younger than Sievert Tiburtius"
Sievert Tiburtius,Sievert Tiburtius,true,"Adding 'Sievert Tiburtius' to parents list of 'Sievert Tiburtius' should  fail
because Persons are equal."
Leberecht Kroeger,Sievert Tiburtius,true,"Adding 'Leberecht Kroeger' to parents list of 'Sievert Tiburtius' should  fail
because Leberecht Kroeger is younger than Sievert Tiburtius"
Alien Alien,Leberecht Kroeger,false,"Adding 'Alien Alien' to parents list of 'Leberecht Kroeger' should NOT fail
because Aspirant is alien"
Hanno Buddenbrook,Leberecht Kroeger,true,"Adding 'Hanno Buddenbrook' to parents list of 'Leberecht Kroeger' should  fail
because Hanno Buddenbrook is younger than Leberecht Kroeger"
Gisela Buddenbrook,Leberecht Kroeger,true,"Adding 'Gisela Buddenbrook' to parents list of 'Leberecht Kroeger' should  fail
because Gisela Buddenbrook is younger than Leberecht Kroeger"
Leberecht Kroeger,Leberecht Kroeger,true,"Adding 'Leberecht Kroeger' to parents list of 'Leberecht Kroeger' should  fail
because Persons are equal."
Elisabeth (Bethsy) Kroeger,Leberecht Kroeger,true,"Adding 'Elisabeth (Bethsy) Kroeger' to parents list of 'Leberecht Kroeger' should  fail
because Elisabeth (Bethsy) Kroeger is already child of Leberecht Kroeger"
Elisabeth (Bethsy) Kroeger,Leberecht Kroeger,true,"Adding 'Elisabeth (Bethsy) Kroeger' to parents list of 'Leberecht Kroeger' should  fail
because Elisabeth (Bethsy) Kroeger is in children's line of Leberecht Kroeger"
Justus Kroeger,Leberecht Kroeger,true,"Adding 'Justus Kroeger' to parents list of 'Leberecht Kroeger' should  fail
because Justus Kroeger is already child of Leberecht Kroeger"
Justus Kroeger,Leberecht Kroeger,true,"Adding 'Justus Kroeger' to parents list of 'Leberecht Kroeger' should  fail
because Justus Kroeger is in children's line of Leberecht Kroeger"
Jakob Kroeger,Leberecht Kroeger,true,"Adding 'Jakob Kroeger' to parents list of 'Leberecht Kroeger' should  fail
because Jakob Kroeger is in children's line of Leberecht Kroeger"
Juergen Kroeger,Leberecht Kroeger,true,"Adding 'Juergen Kroeger' to parents list of 'Leberecht Kroeger' should  fail
because Juergen Kroeger is in children's line of Leberecht Kroeger"
Catharina Kroeger,Leberecht Kroeger,true,"Adding 'Catharina Kroeger' to parents list of 'Leberecht Kroeger' should  fail
because Catharina Kroeger is already spouse of Leberecht Kroeger"
Johan Buddenbrook,Elisabeth (Bethsy) Kroeger,true,"Adding 'Johan Buddenbrook' to parents list of 'Elisabeth (Bethsy) Kroeger' should  fail
because Elisabeth (Bethsy) Kroeger has already two other parents : [Leberecht Kroeger, Catharina Kroeger]"
Alien Alien,Elisabeth (Bethsy) Kroeger,true,"Adding 'Alien Alien' to parents list of 'Elisabeth (Bethsy) Kroeger' should  fail
because Elisabeth (Bethsy) Kroeger has already two other parents : [Leberecht Kroeger, Catharina Kroeger]"
Johann Buddenbrook,Elisabeth (Bethsy) Kroeger,true,"Adding 'Johann Buddenbrook' to parents list of 'Elisabeth (Bethsy) Kroeger' should  fail
because Elisabeth (Bethsy) Kroeger has already two other parents : [Leberecht Kroeger, Catharina Kroeger]"
Bernhard Buddenbrook,Elisabeth (Bethsy) Kroeger,true,"Adding 'Bernhard Buddenbrook' to parents list of 'Elisabeth (Bethsy) Kroeger' should  fail
because Elisabeth (Bethsy) Kroeger has already two other parents : [Leberecht Kroeger, Catharina Kroeger]"
Josephine Buddenbrook,Elisabeth (Bethsy) Kroeger,true,"Adding 'Josephine Buddenbrook' to parents list of 'Elisabeth (Bethsy) Kroeger' should  fail
because Elisabeth (Bethsy) Kroeger has already two other parents : [Leberecht Kroeger, Catharina Kroeger]"
Antoinette Duchamps,Elisabeth (Bethsy) Kroeger,true,"Adding 'Antoinette Duchamps' to parents list of 'Elisabeth (Bethsy) Kroeger' should  fail
because Elisabeth (Bethsy) Kroeger has already two other parents : [Leberecht Kroeger, Catharina Kroeger]"
Gotthold Buddenbrook,Elisabeth (Bethsy) Kroeger,true,"Adding 'Gotthold Buddenbrook' to parents list of 'Elisabeth (Bethsy) Kroeger' should  fail
because Elisabeth (Bethsy) Kroeger has already two other parents : [Leberecht Kroeger, Catharina Kroeger]"
Rosalie Stuewing,Elisabeth (Bethsy) Kroeger,true,"Adding 'Rosalie Stuewing' to parents list of 'Elisabeth (Bethsy) Kroeger' should  fail
because Elisabeth (Bethsy) Kroeger has already two other parents : [Leberecht Kroeger, Catharina Kroeger]"
Frederike Buddenbrook,Elisabeth (Bethsy) Kroeger,true,"Adding 'Frederike Buddenbrook' to parents list of 'Elisabeth (Bethsy) Kroeger' should  fail
because Frederike Buddenbrook is younger than Elisabeth (Bethsy) Kroeger"
Frederike Buddenbrook,Elisabeth (Bethsy) Kroeger,true,"Adding 'Frederike Buddenbrook' to parents list of 'Elisabeth (Bethsy) Kroeger' should  fail
because Elisabeth (Bethsy) Kroeger has already two other parents : [Leberecht Kroeger, Catharina Kroeger]"
Henriette Buddenbrook,Elisabeth (Bethsy) Kroeger,true,"Adding 'Henriette Buddenbrook' to parents list of 'Elisabeth (Bethsy) Kroeger' should  fail
because Henriette Buddenbrook is younger than Elisabeth (Bethsy) Kroeger"
Henriette Buddenbrook,Elisabeth (Bethsy) Kroeger,true,"Adding 'Henriette Buddenbrook' to parents list of 'Elisabeth (Bethsy) Kroeger' should  fail
because Elisabeth (Bethsy) Kroeger has already two other parents : [Leberecht Kroeger, Catharina Kroeger]"
Pfiffi Buddenbrook,Elisabeth (Bethsy) Kroeger,true,"Adding 'Pfiffi Buddenbrook' to parents list of 'Elisabeth (Bethsy) Kroeger' should  fail
because Pfiffi Buddenbrook is younger than Elisabeth (Bethsy) Kroeger"
Pfiffi Buddenbrook,Elisabeth (Bethsy) Kroeger,true,"Adding 'Pfiffi Buddenbrook' to parents list of 'Elisabeth (Bethsy) Kroeger' should  fail
because Elisabeth (Bethsy) Kroeger has already two other parents : [Leberecht Kroeger, Catharina Kroeger]"
Olly Buddenbrook,Elisabeth (Bethsy) Kroeger,true,"Adding 'Olly Buddenbrook' to parents list of 'Elisabeth (Bethsy) Kroeger' should  fail
because Elisabeth (Bethsy) Kroeger has already two other parents : [Leberecht Kroeger, Catharina Kroeger]"
Johann (Jean) Buddenbrook,Elisabeth (Bethsy) Kroeger,true,"Adding 'Johann (Jean) Buddenbrook' to parents list of 'Elisabeth (Bethsy) Kroeger' should  fail
because Elisabeth (Bethsy) Kroeger has already two other parents : [Leberecht Kroeger, Catharina Kroeger]"
Klothilde Buddenbrook,Elisabeth (Bethsy) Kroeger,true,"Adding 'Klothilde Buddenbrook' to parents list of 'Elisabeth (Bethsy) Kroeger' should  fail
because Klothilde Buddenbrook is younger than Elisabeth (Bethsy) Kroeger"
Klothilde Buddenbrook,Elisabeth (Bethsy) Kroeger,true,"Adding 'Klothilde Buddenbrook' to parents list of 'Elisabeth (Bethsy) Kroeger' should  fail
because Elisabeth (Bethsy) Kroeger has already two other parents : [Leberecht Kroeger, Catharina Kroeger]"
Thomas Buddenbrook,Elisabeth (Bethsy) Kroeger,true,"Adding 'Thomas Buddenbrook' to parents list of 'Elisabeth (Bethsy) Kroeger' should  fail
because Thomas Buddenbrook is younger than Elisabeth (Bethsy) Kroeger"
Thomas Buddenbrook,Elisabeth (Bethsy) Kroeger,true,"Adding 'Thomas Buddenbrook' to parents list of 'Elisabeth (Bethsy) Kroeger' should  fail
because Elisabeth (Bethsy) Kroeger has already two other parents : [Leberecht Kroeger, Catharina Kroeger]"
Antonie (Tony) Buddenbrook,Elisabeth (Bethsy) Kroeger,true,"Adding 'Antonie (Tony) Buddenbrook' to parents list of 'Elisabeth (Bethsy) Kroeger' should  fail
because Antonie (Tony) Buddenbrook is younger than Elisabeth (Bethsy) Kroeger"
Antonie (Tony) Buddenbrook,Elisabeth (Bethsy) Kroeger,true,"Adding 'Antonie (Tony) Buddenbrook' to parents list of 'Elisabeth (Bethsy) Kroeger' should  fail
because Elisabeth (Bethsy) Kroeger has already two other parents : [Leberecht Kroeger, Catharina Kroeger]"
Christian Buddenbrook,Elisabeth (Bethsy) Kroeger,true,"Adding 'Christian Buddenbrook' to parents list of 'Elisabeth (Bethsy) Kroeger' should  fail
because Christian Buddenbrook is younger than Elisabeth (Bethsy) Kroeger"
Christian Buddenbrook,Elisabeth (Bethsy) Kroeger,true,"Adding 'Christian Buddenbrook' to parents list of 'Elisabeth (Bethsy) Kroeger' should  fail
because Elisabeth (Bethsy) Kroeger has already two other parents : [Leberecht Kroeger, Catharina Kroeger]"
Clara Buddenbrook,Elisabeth (Bethsy) Kroeger,true,"Adding 'Clara Buddenbrook' to parents list of 'Elisabeth (Bethsy) Kroeger' should  fail
because Clara Buddenbrook is younger than Elisabeth (Bethsy) Kroeger"
Clara Buddenbrook,Elisabeth (Bethsy) Kroeger,true,"Adding 'Clara Buddenbrook' to parents list of 'Elisabeth (Bethsy) Kroeger' should  fail
because Elisabeth (Bethsy) Kroeger has already two other parents : [Leberecht Kroeger, Catharina Kroeger]"
Hanno Buddenbrook,Elisabeth (Bethsy) Kroeger,true,"Adding 'Hanno Buddenbrook' to parents list of 'Elisabeth (Bethsy) Kroeger' should  fail
because Hanno Buddenbrook is younger than Elisabeth (Bethsy) Kroeger"
Hanno Buddenbrook,Elisabeth (Bethsy) Kroeger,true,"Adding 'Hanno Buddenbrook' to parents list of 'Elisabeth (Bethsy) Kroeger' should  fail
because Elisabeth (Bethsy) Kroeger has already two other parents : [Leberecht Kroeger, Catharina Kroeger]"
Erika Gruenlich,Elisabeth (Bethsy) Kroeger,true,"Adding 'Erika Gruenlich' to parents list of 'Elisabeth (Bethsy) Kroeger' should  fail
because Erika Gruenlich is younger than Elisabeth (Bethsy) Kroeger"
Erika Gruenlich,Elisabeth (Bethsy) Kroeger,true,"Adding 'Erika Gruenlich' to parents list of 'Elisabeth (Bethsy) Kroeger' should  fail
because Elisabeth (Bethsy) Kroeger has already two other parents : [Leberecht Kroeger, Catharina Kroeger]"
Elisabeth Weinschenk,Elisabeth (Bethsy) Kroeger,true,"Adding 'Elisabeth Weinschenk' to parents list of 'Elisabeth (Bethsy) Kroeger' should  fail
because Elisabeth (Bethsy) Kroeger has already two other parents : [Leberecht Kroeger, Catharina Kroeger]"
Hugo Weinschenk,Elisabeth (Bethsy) Kroeger,true,"Adding 'Hugo Weinschenk' to parents list of 'Elisabeth (Bethsy) Kroeger' should  fail
because Elisabeth (Bethsy) Kroeger has already two other parents : [Leberecht Kroeger, Catharina Kroeger]"
Alois Permaneder,Elisabeth (Bethsy) Kroeger,true,"Adding 'Alois Permaneder' to parents list of 'Elisabeth (Bethsy) Kroeger' should  fail
because Elisabeth (Bethsy) Kroeger has already two other parents : [Leberecht Kroeger, Catharina Kroeger]"
Bendix Gruenlich,Elisabeth (Bethsy) Kroeger,true,"Adding 'Bendix Gruenlich' to parents list of 'Elisabeth (Bethsy) Kroeger' should  fail
because Elisabeth (Bethsy) Kroeger has already two other parents : [Leberecht Kroeger, Catharina Kroeger]"
Gisela Buddenbrook,Elisabeth (Bethsy) Kroeger,true,"Adding 'Gisela Buddenbrook' to parents list of 'Elisabeth (Bethsy) Kroeger' should  fail
because Gisela Buddenbrook is younger than Elisabeth (Bethsy) Kroeger"
Gisela Buddenbrook,Elisabeth (Bethsy) Kroeger,true,"Adding 'Gisela Buddenbrook' to parents list of 'Elisabeth (Bethsy) Kroeger' should  fail
because Elisabeth (Bethsy) Kroeger has already two other parents : [Leberecht Kroeger, Catharina Kroeger]"
Aline Puvogel,Elisabeth (Bethsy) Kroeger,true,"Adding 'Aline Puvogel' to parents list of 'Elisabeth (Bethsy) Kroeger' should  fail
because Elisabeth (Bethsy) Kroeger has already two other parents : [Leberecht Kroeger, Catharina Kroeger]"
Gerda Arnoldsen,Elisabeth (Bethsy) Kroeger,true,"Adding 'Gerda Arnoldsen' to parents list of 'Elisabeth (Bethsy) Kroeger' should  fail
because Gerda Arnoldsen is younger than Elisabeth (Bethsy) Kroeger"
Gerda Arnoldsen,Elisabeth (Bethsy) Kroeger,true,"Adding 'Gerda Arnoldsen' to parents list of 'Elisabeth (Bethsy) Kroeger' should  fail
because Elisabeth (Bethsy) Kroeger has already two other parents : [Leberecht Kroeger, Catharina Kroeger]"
Sievert Tiburtius,Elisabeth (Bethsy) Kroeger,true,"Adding 'Sievert Tiburtius' to parents list of 'Elisabeth (Bethsy) Kroeger' should  fail
because Sievert Tiburtius is younger than Elisabeth (Bethsy) Kroeger"
Sievert Tiburtius,Elisabeth (Bethsy) Kroeger,true,"Adding 'Sievert Tiburtius' to parents list of 'Elisabeth (Bethsy) Kroeger' should  fail
because Elisabeth (Bethsy) Kroeger has already two other parents : [Leberecht Kroeger, Catharina Kroeger]"
Leberecht Kroeger,Elisabeth (Bethsy) Kroeger,true,"Adding 'Leberecht Kroeger' to parents list of 'Elisabeth (Bethsy) Kroeger' should  fail
because Leberecht Kroeger is already parent of Elisabeth (Bethsy) Kroeger"
Leberecht Kroeger,Elisabeth (Bethsy) Kroeger,true,"Adding 'Leberecht Kroeger' to parents list of 'Elisabeth (Bethsy) Kroeger' should  fail
because Leberecht Kroeger is younger than Elisabeth (Bethsy) Kroeger"
Leberecht Kroeger,Elisabeth (Bethsy) Kroeger,true,"Adding 'Leberecht Kroeger' to parents list of 'Elisabeth (Bethsy) Kroeger' should  fail
because Leberecht Kroeger is in parental line of Elisabeth (Bethsy) Kroeger"
Leberecht Kroeger,Elisabeth (Bethsy) Kroeger,true,"Adding 'Leberecht Kroeger' to parents list of 'Elisabeth (Bethsy) Kroeger' should  fail
because Elisabeth (Bethsy) Kroeger has already two other parents : [Leberecht Kroeger, Catharina Kroeger]"
Elisabeth (Bethsy) Kroeger,Elisabeth (Bethsy) Kroeger,true,"Adding 'Elisabeth (Bethsy) Kroeger' to parents list of 'Elisabeth (Bethsy) Kroeger' should  fail
because Persons are equal."
Elisabeth (Bethsy) Kroeger,Elisabeth (Bethsy) Kroeger,true,"Adding 'Elisabeth (Bethsy) Kroeger' to parents list of 'Elisabeth (Bethsy) Kroeger' should  fail
because Elisabeth (Bethsy) Kroeger is already sibling of Elisabeth (Bethsy) Kroeger"
Elisabeth (Bethsy) Kroeger,Elisabeth (Bethsy) Kroeger,true,"Adding 'Elisabeth (Bethsy) Kroeger' to parents list of 'Elisabeth (Bethsy) Kroeger' should  fail
because Elisabeth (Bethsy) Kroeger has already two other parents : [Leberecht Kroeger, Catharina Kroeger]"
Justus Kroeger,Elisabeth (Bethsy) Kroeger,true,"Adding 'Justus Kroeger' to parents list of 'Elisabeth (Bethsy) Kroeger' should  fail
because Justus Kroeger is already sibling of Elisabeth (Bethsy) Kroeger"
Justus Kroeger,Elisabeth (Bethsy) Kroeger,true,"Adding 'Justus Kroeger' to parents list of 'Elisabeth (Bethsy) Kroeger' should  fail
because Elisabeth (Bethsy) Kroeger has already two other parents : [Leberecht Kroeger, Catharina Kroeger]"
Jakob Kroeger,Elisabeth (Bethsy) Kroeger,true,"Adding 'Jakob Kroeger' to parents list of 'Elisabeth (Bethsy) Kroeger' should  fail
because Jakob Kroeger is younger than Elisabeth (Bethsy) Kroeger"
Jakob Kroeger,Elisabeth (Bethsy) Kroeger,true,"Adding 'Jakob Kroeger' to parents list of 'Elisabeth (Bethsy) Kroeger' should  fail
because Elisabeth (Bethsy) Kroeger has already two other parents : [Leberecht Kroeger, Catharina Kroeger]"
Juergen Kroeger,Elisabeth (Bethsy) Kroeger,true,"Adding 'Juergen Kroeger' to parents list of 'Elisabeth (Bethsy) Kroeger' should  fail
because Juergen Kroeger is younger than Elisabeth (Bethsy) Kroeger"
Juergen Kroeger,Elisabeth (Bethsy) Kroeger,true,"Adding 'Juergen Kroeger' to parents list of 'Elisabeth (Bethsy) Kroeger' should  fail
because Elisabeth (Bethsy) Kroeger has already two other parents : [Leberecht Kroeger, Catharina Kroeger]"
Rosalie Overdiek,Elisabeth (Bethsy) Kroeger,true,"Adding 'Rosalie Overdiek' to parents list of 'Elisabeth (Bethsy) Kroeger' should  fail
because Elisabeth (Bethsy) Kroeger has already two other parents : [Leberecht Kroeger, Catharina Kroeger]"
Catharina Kroeger,Elisabeth (Bethsy) Kroeger,true,"Adding 'Catharina Kroeger' to parents list of 'Elisabeth (Bethsy) Kroeger' should  fail
because Catharina Kroeger is already parent of Elisabeth (Bethsy) Kroeger"
Catharina Kroeger,Elisabeth (Bethsy) Kroeger,true,"Adding 'Catharina Kroeger' to parents list of 'Elisabeth (Bethsy) Kroeger' should  fail
because Catharina Kroeger is in parental line of Elisabeth (Bethsy) Kroeger"
Catharina Kroeger,Elisabeth (Bethsy) Kroeger,true,"Adding 'Catharina Kroeger' to parents list of 'Elisabeth (Bethsy) Kroeger' should  fail
because Elisabeth (Bethsy) Kroeger has already two other parents : [Leberecht Kroeger, Catharina Kroeger]"
Johan Buddenbrook,Justus Kroeger,true,"Adding 'Johan Buddenbrook' to parents list of 'Justus Kroeger' should  fail
because Justus Kroeger has already two other parents : [Leberecht Kroeger, Catharina Kroeger]"
Alien Alien,Justus Kroeger,true,"Adding 'Alien Alien' to parents list of 'Justus Kroeger' should  fail
because Justus Kroeger has already two other parents : [Leberecht Kroeger, Catharina Kroeger]"
Johann Buddenbrook,Justus Kroeger,true,"Adding 'Johann Buddenbrook' to parents list of 'Justus Kroeger' should  fail
because Justus Kroeger has already two other parents : [Leberecht Kroeger, Catharina Kroeger]"
Bernhard Buddenbrook,Justus Kroeger,true,"Adding 'Bernhard Buddenbrook' to parents list of 'Justus Kroeger' should  fail
because Justus Kroeger has already two other parents : [Leberecht Kroeger, Catharina Kroeger]"
Josephine Buddenbrook,Justus Kroeger,true,"Adding 'Josephine Buddenbrook' to parents list of 'Justus Kroeger' should  fail
because Justus Kroeger has already two other parents : [Leberecht Kroeger, Catharina Kroeger]"
Antoinette Duchamps,Justus Kroeger,true,"Adding 'Antoinette Duchamps' to parents list of 'Justus Kroeger' should  fail
because Justus Kroeger has already two other parents : [Leberecht Kroeger, Catharina Kroeger]"
Gotthold Buddenbrook,Justus Kroeger,true,"Adding 'Gotthold Buddenbrook' to parents list of 'Justus Kroeger' should  fail
because Justus Kroeger has already two other parents : [Leberecht Kroeger, Catharina Kroeger]"
Rosalie Stuewing,Justus Kroeger,true,"Adding 'Rosalie Stuewing' to parents list of 'Justus Kroeger' should  fail
because Justus Kroeger has already two other parents : [Leberecht Kroeger, Catharina Kroeger]"
Frederike Buddenbrook,Justus Kroeger,true,"Adding 'Frederike Buddenbrook' to parents list of 'Justus Kroeger' should  fail
because Frederike Buddenbrook is younger than Justus Kroeger"
Frederike Buddenbrook,Justus Kroeger,true,"Adding 'Frederike Buddenbrook' to parents list of 'Justus Kroeger' should  fail
because Justus Kroeger has already two other parents : [Leberecht Kroeger, Catharina Kroeger]"
Henriette Buddenbrook,Justus Kroeger,true,"Adding 'Henriette Buddenbrook' to parents list of 'Justus Kroeger' should  fail
because Henriette Buddenbrook is younger than Justus Kroeger"
Henriette Buddenbrook,Justus Kroeger,true,"Adding 'Henriette Buddenbrook' to parents list of 'Justus Kroeger' should  fail
because Justus Kroeger has already two other parents : [Leberecht Kroeger, Catharina Kroeger]"
Pfiffi Buddenbrook,Justus Kroeger,true,"Adding 'Pfiffi Buddenbrook' to parents list of 'Justus Kroeger' should  fail
because Pfiffi Buddenbrook is younger than Justus Kroeger"
Pfiffi Buddenbrook,Justus Kroeger,true,"Adding 'Pfiffi Buddenbrook' to parents list of 'Justus Kroeger' should  fail
because Justus Kroeger has already two other parents : [Leberecht Kroeger, Catharina Kroeger]"
Olly Buddenbrook,Justus Kroeger,true,"Adding 'Olly Buddenbrook' to parents list of 'Justus Kroeger' should  fail
because Justus Kroeger has already two other parents : [Leberecht Kroeger, Catharina Kroeger]"
Johann (Jean) Buddenbrook,Justus Kroeger,true,"Adding 'Johann (Jean) Buddenbrook' to parents list of 'Justus Kroeger' should  fail
because Justus Kroeger has already two other parents : [Leberecht Kroeger, Catharina Kroeger]"
Klothilde Buddenbrook,Justus Kroeger,true,"Adding 'Klothilde Buddenbrook' to parents list of 'Justus Kroeger' should  fail
because Klothilde Buddenbrook is younger than Justus Kroeger"
Klothilde Buddenbrook,Justus Kroeger,true,"Adding 'Klothilde Buddenbrook' to parents list of 'Justus Kroeger' should  fail
because Justus Kroeger has already two other parents : [Leberecht Kroeger, Catharina Kroeger]"
Thomas Buddenbrook,Justus Kroeger,true,"Adding 'Thomas Buddenbrook' to parents list of 'Justus Kroeger' should  fail
because Thomas Buddenbrook is younger than Justus Kroeger"
Thomas Buddenbrook,Justus Kroeger,true,"Adding 'Thomas Buddenbrook' to parents list of 'Justus Kroeger' should  fail
because Justus Kroeger has already two other parents : [Leberecht Kroeger, Catharina Kroeger]"
Antonie (Tony) Buddenbrook,Justus Kroeger,true,"Adding 'Antonie (Tony) Buddenbrook' to parents list of 'Justus Kroeger' should  fail
because Antonie (Tony) Buddenbrook is younger than Justus Kroeger"
Antonie (Tony) Buddenbrook,Justus Kroeger,true,"Adding 'Antonie (Tony) Buddenbrook' to parents list of 'Justus Kroeger' should  fail
because Justus Kroeger has already two other parents : [Leberecht Kroeger, Catharina Kroeger]"
Christian Buddenbrook,Justus Kroeger,true,"Adding 'Christian Buddenbrook' to parents list of 'Justus Kroeger' should  fail
because Christian Buddenbrook is younger than Justus Kroeger"
Christian Buddenbrook,Justus Kroeger,true,"Adding 'Christian Buddenbrook' to parents list of 'Justus Kroeger' should  fail
because Justus Kroeger has already two other parents : [Leberecht Kroeger, Catharina Kroeger]"
Clara Buddenbrook,Justus Kroeger,true,"Adding 'Clara Buddenbrook' to parents list of 'Justus Kroeger' should  fail
because Clara Buddenbrook is younger than Justus Kroeger"
Clara Buddenbrook,Justus Kroeger,true,"Adding 'Clara Buddenbrook' to parents list of 'Justus Kroeger' should  fail
because Justus Kroeger has already two other parents : [Leberecht Kroeger, Catharina Kroeger]"
Hanno Buddenbrook,Justus Kroeger,true,"Adding 'Hanno Buddenbrook' to parents list of 'Justus Kroeger' should  fail
because Hanno Buddenbrook is younger than Justus Kroeger"
Hanno Buddenbrook,Justus Kroeger,true,"Adding 'Hanno Buddenbrook' to parents list of 'Justus Kroeger' should  fail
because Justus Kroeger has already two other parents : [Leberecht Kroeger, Catharina Kroeger]"
Erika Gruenlich,Justus Kroeger,true,"Adding 'Erika Gruenlich' to parents list of 'Justus Kroeger' should  fail
because Erika Gruenlich is younger than Justus Kroeger"
Erika Gruenlich,Justus Kroeger,true,"Adding 'Erika Gruenlich' to parents list of 'Justus Kroeger' should  fail
because Justus Kroeger has already two other parents : [Leberecht Kroeger, Catharina Kroeger]"
Elisabeth Weinschenk,Justus Kroeger,true,"Adding 'Elisabeth Weinschenk' to parents list of 'Justus Kroeger' should  fail
because Justus Kroeger has already two other parents : [Leberecht Kroeger, Catharina Kroeger]"
Hugo Weinschenk,Justus Kroeger,true,"Adding 'Hugo Weinschenk' to parents list of 'Justus Kroeger' should  fail
because Justus Kroeger has already two other parents : [Leberecht Kroeger, Catharina Kroeger]"
Alois Permaneder,Justus Kroeger,true,"Adding 'Alois Permaneder' to parents list of 'Justus Kroeger' should  fail
because Justus Kroeger has already two other parents : [Leberecht Kroeger, Catharina Kroeger]"
Bendix Gruenlich,Justus Kroeger,true,"Adding 'Bendix Gruenlich' to parents list of 'Justus Kroeger' should  fail
because Justus Kroeger has already two other parents : [Leberecht Kroeger, Catharina Kroeger]"
Gisela Buddenbrook,Justus Kroeger,true,"Adding 'Gisela Buddenbrook' to parents list of 'Justus Kroeger' should  fail
because Gisela Buddenbrook is younger than Justus Kroeger"
Gisela Buddenbrook,Justus Kroeger,true,"Adding 'Gisela Buddenbrook' to parents list of 'Justus Kroeger' should  fail
because Justus Kroeger has already two other parents : [Leberecht Kroeger, Catharina Kroeger]"
Aline Puvogel,Justus Kroeger,true,"Adding 'Aline Puvogel' to parents list of 'Justus Kroeger' should  fail
because Justus Kroeger has already two other parents : [Leberecht Kroeger, Catharina Kroeger]"
Gerda Arnoldsen,Justus Kroeger,true,"Adding 'Gerda Arnoldsen' to parents list of 'Justus Kroeger' should  fail
because Gerda Arnoldsen is younger than Justus Kroeger"
Gerda Arnoldsen,Justus Kroeger,true,"Adding 'Gerda Arnoldsen' to parents list of 'Justus Kroeger' should  fail
because Justus Kroeger has already two other parents : [Leberecht Kroeger, Catharina Kroeger]"
Sievert Tiburtius,Justus Kroeger,true,"Adding 'Sievert Tiburtius' to parents list of 'Justus Kroeger' should  fail
because Sievert Tiburtius is younger than Justus Kroeger"
Sievert Tiburtius,Justus Kroeger,true,"Adding 'Sievert Tiburtius' to parents list of 'Justus Kroeger' should  fail
because Justus Kroeger has already two other parents : [Leberecht Kroeger, Catharina Kroeger]"
Leberecht Kroeger,Justus Kroeger,true,"Adding 'Leberecht Kroeger' to parents list of 'Justus Kroeger' should  fail
because Leberecht Kroeger is already parent of Justus Kroeger"
Leberecht Kroeger,Justus Kroeger,true,"Adding 'Leberecht Kroeger' to parents list of 'Justus Kroeger' should  fail
because Leberecht Kroeger is younger than Justus Kroeger"
Leberecht Kroeger,Justus Kroeger,true,"Adding 'Leberecht Kroeger' to parents list of 'Justus Kroeger' should  fail
because Leberecht Kroeger is in parental line of Justus Kroeger"
Leberecht Kroeger,Justus Kroeger,true,"Adding 'Leberecht Kroeger' to parents list of 'Justus Kroeger' should  fail
because Justus Kroeger has already two other parents : [Leberecht Kroeger, Catharina Kroeger]"
Elisabeth (Bethsy) Kroeger,Justus Kroeger,true,"Adding 'Elisabeth (Bethsy) Kroeger' to parents list of 'Justus Kroeger' should  fail
because Elisabeth (Bethsy) Kroeger is already sibling of Justus Kroeger"
Elisabeth (Bethsy) Kroeger,Justus Kroeger,true,"Adding 'Elisabeth (Bethsy) Kroeger' to parents list of 'Justus Kroeger' should  fail
because Elisabeth (Bethsy) Kroeger is younger than Justus Kroeger"
Elisabeth (Bethsy) Kroeger,Justus Kroeger,true,"Adding 'Elisabeth (Bethsy) Kroeger' to parents list of 'Justus Kroeger' should  fail
because Justus Kroeger has already two other parents : [Leberecht Kroeger, Catharina Kroeger]"
Justus Kroeger,Justus Kroeger,true,"Adding 'Justus Kroeger' to parents list of 'Justus Kroeger' should  fail
because Persons are equal."
Justus Kroeger,Justus Kroeger,true,"Adding 'Justus Kroeger' to parents list of 'Justus Kroeger' should  fail
because Justus Kroeger is already sibling of Justus Kroeger"
Justus Kroeger,Justus Kroeger,true,"Adding 'Justus Kroeger' to parents list of 'Justus Kroeger' should  fail
because Justus Kroeger has already two other parents : [Leberecht Kroeger, Catharina Kroeger]"
Jakob Kroeger,Justus Kroeger,true,"Adding 'Jakob Kroeger' to parents list of 'Justus Kroeger' should  fail
because Jakob Kroeger is younger than Justus Kroeger"
Jakob Kroeger,Justus Kroeger,true,"Adding 'Jakob Kroeger' to parents list of 'Justus Kroeger' should  fail
because Jakob Kroeger is already child of Justus Kroeger"
Jakob Kroeger,Justus Kroeger,true,"Adding 'Jakob Kroeger' to parents list of 'Justus Kroeger' should  fail
because Jakob Kroeger is in children's line of Justus Kroeger"
Jakob Kroeger,Justus Kroeger,true,"Adding 'Jakob Kroeger' to parents list of 'Justus Kroeger' should  fail
because Justus Kroeger has already two other parents : [Leberecht Kroeger, Catharina Kroeger]"
Juergen Kroeger,Justus Kroeger,true,"Adding 'Juergen Kroeger' to parents list of 'Justus Kroeger' should  fail
because Juergen Kroeger is younger than Justus Kroeger"
Juergen Kroeger,Justus Kroeger,true,"Adding 'Juergen Kroeger' to parents list of 'Justus Kroeger' should  fail
because Juergen Kroeger is already child of Justus Kroeger"
Juergen Kroeger,Justus Kroeger,true,"Adding 'Juergen Kroeger' to parents list of 'Justus Kroeger' should  fail
because Juergen Kroeger is in children's line of Justus Kroeger"
Juergen Kroeger,Justus Kroeger,true,"Adding 'Juergen Kroeger' to parents list of 'Justus Kroeger' should  fail
because Justus Kroeger has already two other parents : [Leberecht Kroeger, Catharina Kroeger]"
Rosalie Overdiek,Justus Kroeger,true,"Adding 'Rosalie Overdiek' to parents list of 'Justus Kroeger' should  fail
because Rosalie Overdiek is already spouse of Justus Kroeger"
Rosalie Overdiek,Justus Kroeger,true,"Adding 'Rosalie Overdiek' to parents list of 'Justus Kroeger' should  fail
because Justus Kroeger has already two other parents : [Leberecht Kroeger, Catharina Kroeger]"
Catharina Kroeger,Justus Kroeger,true,"Adding 'Catharina Kroeger' to parents list of 'Justus Kroeger' should  fail
because Catharina Kroeger is already parent of Justus Kroeger"
Catharina Kroeger,Justus Kroeger,true,"Adding 'Catharina Kroeger' to parents list of 'Justus Kroeger' should  fail
because Catharina Kroeger is in parental line of Justus Kroeger"
Catharina Kroeger,Justus Kroeger,true,"Adding 'Catharina Kroeger' to parents list of 'Justus Kroeger' should  fail
because Justus Kroeger has already two other parents : [Leberecht Kroeger, Catharina Kroeger]"
Johan Buddenbrook,Jakob Kroeger,true,"Adding 'Johan Buddenbrook' to parents list of 'Jakob Kroeger' should  fail
because Jakob Kroeger has already two other parents : [Rosalie Overdiek, Justus Kroeger]"
Alien Alien,Jakob Kroeger,true,"Adding 'Alien Alien' to parents list of 'Jakob Kroeger' should  fail
because Jakob Kroeger has already two other parents : [Rosalie Overdiek, Justus Kroeger]"
Johann Buddenbrook,Jakob Kroeger,true,"Adding 'Johann Buddenbrook' to parents list of 'Jakob Kroeger' should  fail
because Jakob Kroeger has already two other parents : [Rosalie Overdiek, Justus Kroeger]"
Bernhard Buddenbrook,Jakob Kroeger,true,"Adding 'Bernhard Buddenbrook' to parents list of 'Jakob Kroeger' should  fail
because Jakob Kroeger has already two other parents : [Rosalie Overdiek, Justus Kroeger]"
Josephine Buddenbrook,Jakob Kroeger,true,"Adding 'Josephine Buddenbrook' to parents list of 'Jakob Kroeger' should  fail
because Jakob Kroeger has already two other parents : [Rosalie Overdiek, Justus Kroeger]"
Antoinette Duchamps,Jakob Kroeger,true,"Adding 'Antoinette Duchamps' to parents list of 'Jakob Kroeger' should  fail
because Jakob Kroeger has already two other parents : [Rosalie Overdiek, Justus Kroeger]"
Gotthold Buddenbrook,Jakob Kroeger,true,"Adding 'Gotthold Buddenbrook' to parents list of 'Jakob Kroeger' should  fail
because Jakob Kroeger has already two other parents : [Rosalie Overdiek, Justus Kroeger]"
Rosalie Stuewing,Jakob Kroeger,true,"Adding 'Rosalie Stuewing' to parents list of 'Jakob Kroeger' should  fail
because Jakob Kroeger has already two other parents : [Rosalie Overdiek, Justus Kroeger]"
Frederike Buddenbrook,Jakob Kroeger,true,"Adding 'Frederike Buddenbrook' to parents list of 'Jakob Kroeger' should  fail
because Jakob Kroeger has already two other parents : [Rosalie Overdiek, Justus Kroeger]"
Henriette Buddenbrook,Jakob Kroeger,true,"Adding 'Henriette Buddenbrook' to parents list of 'Jakob Kroeger' should  fail
because Jakob Kroeger has already two other parents : [Rosalie Overdiek, Justus Kroeger]"
Pfiffi Buddenbrook,Jakob Kroeger,true,"Adding 'Pfiffi Buddenbrook' to parents list of 'Jakob Kroeger' should  fail
because Jakob Kroeger has already two other parents : [Rosalie Overdiek, Justus Kroeger]"
Olly Buddenbrook,Jakob Kroeger,true,"Adding 'Olly Buddenbrook' to parents list of 'Jakob Kroeger' should  fail
because Jakob Kroeger has already two other parents : [Rosalie Overdiek, Justus Kroeger]"
Johann (Jean) Buddenbrook,Jakob Kroeger,true,"Adding 'Johann (Jean) Buddenbrook' to parents list of 'Jakob Kroeger' should  fail
because Jakob Kroeger has already two other parents : [Rosalie Overdiek, Justus Kroeger]"
Klothilde Buddenbrook,Jakob Kroeger,true,"Adding 'Klothilde Buddenbrook' to parents list of 'Jakob Kroeger' should  fail
because Jakob Kroeger has already two other parents : [Rosalie Overdiek, Justus Kroeger]"
Thomas Buddenbrook,Jakob Kroeger,true,"Adding 'Thomas Buddenbrook' to parents list of 'Jakob Kroeger' should  fail
because Jakob Kroeger has already two other parents : [Rosalie Overdiek, Justus Kroeger]"
Antonie (Tony) Buddenbrook,Jakob Kroeger,true,"Adding 'Antonie (Tony) Buddenbrook' to parents list of 'Jakob Kroeger' should  fail
because Jakob Kroeger has already two other parents : [Rosalie Overdiek, Justus Kroeger]"
Christian Buddenbrook,Jakob Kroeger,true,"Adding 'Christian Buddenbrook' to parents list of 'Jakob Kroeger' should  fail
because Jakob Kroeger has already two other parents : [Rosalie Overdiek, Justus Kroeger]"
Clara Buddenbrook,Jakob Kroeger,true,"Adding 'Clara Buddenbrook' to parents list of 'Jakob Kroeger' should  fail
because Clara Buddenbrook is younger than Jakob Kroeger"
Clara Buddenbrook,Jakob Kroeger,true,"Adding 'Clara Buddenbrook' to parents list of 'Jakob Kroeger' should  fail
because Jakob Kroeger has already two other parents : [Rosalie Overdiek, Justus Kroeger]"
Hanno Buddenbrook,Jakob Kroeger,true,"Adding 'Hanno Buddenbrook' to parents list of 'Jakob Kroeger' should  fail
because Hanno Buddenbrook is younger than Jakob Kroeger"
Hanno Buddenbrook,Jakob Kroeger,true,"Adding 'Hanno Buddenbrook' to parents list of 'Jakob Kroeger' should  fail
because Jakob Kroeger has already two other parents : [Rosalie Overdiek, Justus Kroeger]"
Erika Gruenlich,Jakob Kroeger,true,"Adding 'Erika Gruenlich' to parents list of 'Jakob Kroeger' should  fail
because Erika Gruenlich is younger than Jakob Kroeger"
Erika Gruenlich,Jakob Kroeger,true,"Adding 'Erika Gruenlich' to parents list of 'Jakob Kroeger' should  fail
because Jakob Kroeger has already two other parents : [Rosalie Overdiek, Justus Kroeger]"
Elisabeth Weinschenk,Jakob Kroeger,true,"Adding 'Elisabeth Weinschenk' to parents list of 'Jakob Kroeger' should  fail
because Jakob Kroeger has already two other parents : [Rosalie Overdiek, Justus Kroeger]"
Hugo Weinschenk,Jakob Kroeger,true,"Adding 'Hugo Weinschenk' to parents list of 'Jakob Kroeger' should  fail
because Jakob Kroeger has already two other parents : [Rosalie Overdiek, Justus Kroeger]"
Alois Permaneder,Jakob Kroeger,true,"Adding 'Alois Permaneder' to parents list of 'Jakob Kroeger' should  fail
because Jakob Kroeger has already two other parents : [Rosalie Overdiek, Justus Kroeger]"
Bendix Gruenlich,Jakob Kroeger,true,"Adding 'Bendix Gruenlich' to parents list of 'Jakob Kroeger' should  fail
because Jakob Kroeger has already two other parents : [Rosalie Overdiek, Justus Kroeger]"
Gisela Buddenbrook,Jakob Kroeger,true,"Adding 'Gisela Buddenbrook' to parents list of 'Jakob Kroeger' should  fail
because Gisela Buddenbrook is younger than Jakob Kroeger"
Gisela Buddenbrook,Jakob Kroeger,true,"Adding 'Gisela Buddenbrook' to parents list of 'Jakob Kroeger' should  fail
because Jakob Kroeger has already two other parents : [Rosalie Overdiek, Justus Kroeger]"
Aline Puvogel,Jakob Kroeger,true,"Adding 'Aline Puvogel' to parents list of 'Jakob Kroeger' should  fail
because Jakob Kroeger has already two other parents : [Rosalie Overdiek, Justus Kroeger]"
Gerda Arnoldsen,Jakob Kroeger,true,"Adding 'Gerda Arnoldsen' to parents list of 'Jakob Kroeger' should  fail
because Gerda Arnoldsen is younger than Jakob Kroeger"
Gerda Arnoldsen,Jakob Kroeger,true,"Adding 'Gerda Arnoldsen' to parents list of 'Jakob Kroeger' should  fail
because Jakob Kroeger has already two other parents : [Rosalie Overdiek, Justus Kroeger]"
Sievert Tiburtius,Jakob Kroeger,true,"Adding 'Sievert Tiburtius' to parents list of 'Jakob Kroeger' should  fail
because Sievert Tiburtius is younger than Jakob Kroeger"
Sievert Tiburtius,Jakob Kroeger,true,"Adding 'Sievert Tiburtius' to parents list of 'Jakob Kroeger' should  fail
because Jakob Kroeger has already two other parents : [Rosalie Overdiek, Justus Kroeger]"
Leberecht Kroeger,Jakob Kroeger,true,"Adding 'Leberecht Kroeger' to parents list of 'Jakob Kroeger' should  fail
because Leberecht Kroeger is younger than Jakob Kroeger"
Leberecht Kroeger,Jakob Kroeger,true,"Adding 'Leberecht Kroeger' to parents list of 'Jakob Kroeger' should  fail
because Leberecht Kroeger is in parental line of Jakob Kroeger"
Leberecht Kroeger,Jakob Kroeger,true,"Adding 'Leberecht Kroeger' to parents list of 'Jakob Kroeger' should  fail
because Jakob Kroeger has already two other parents : [Rosalie Overdiek, Justus Kroeger]"
Elisabeth (Bethsy) Kroeger,Jakob Kroeger,true,"Adding 'Elisabeth (Bethsy) Kroeger' to parents list of 'Jakob Kroeger' should  fail
because Jakob Kroeger has already two other parents : [Rosalie Overdiek, Justus Kroeger]"
Justus Kroeger,Jakob Kroeger,true,"Adding 'Justus Kroeger' to parents list of 'Jakob Kroeger' should  fail
because Justus Kroeger is already parent of Jakob Kroeger"
Justus Kroeger,Jakob Kroeger,true,"Adding 'Justus Kroeger' to parents list of 'Jakob Kroeger' should  fail
because Justus Kroeger is in parental line of Jakob Kroeger"
Justus Kroeger,Jakob Kroeger,true,"Adding 'Justus Kroeger' to parents list of 'Jakob Kroeger' should  fail
because Jakob Kroeger has already two other parents : [Rosalie Overdiek, Justus Kroeger]"
Jakob Kroeger,Jakob Kroeger,true,"Adding 'Jakob Kroeger' to parents list of 'Jakob Kroeger' should  fail
because Persons are equal."
Jakob Kroeger,Jakob Kroeger,true,"Adding 'Jakob Kroeger' to parents list of 'Jakob Kroeger' should  fail
because Jakob Kroeger is already sibling of Jakob Kroeger"
Jakob Kroeger,Jakob Kroeger,true,"Adding 'Jakob Kroeger' to parents list of 'Jakob Kroeger' should  fail
because Jakob Kroeger has already two other parents : [Rosalie Overdiek, Justus Kroeger]"
Juergen Kroeger,Jakob Kroeger,true,"Adding 'Juergen Kroeger' to parents list of 'Jakob Kroeger' should  fail
because Juergen Kroeger is already sibling of Jakob Kroeger"
Juergen Kroeger,Jakob Kroeger,true,"Adding 'Juergen Kroeger' to parents list of 'Jakob Kroeger' should  fail
because Jakob Kroeger has already two other parents : [Rosalie Overdiek, Justus Kroeger]"
Rosalie Overdiek,Jakob Kroeger,true,"Adding 'Rosalie Overdiek' to parents list of 'Jakob Kroeger' should  fail
because Rosalie Overdiek is already parent of Jakob Kroeger"
Rosalie Overdiek,Jakob Kroeger,true,"Adding 'Rosalie Overdiek' to parents list of 'Jakob Kroeger' should  fail
because Rosalie Overdiek is in parental line of Jakob Kroeger"
Rosalie Overdiek,Jakob Kroeger,true,"Adding 'Rosalie Overdiek' to parents list of 'Jakob Kroeger' should  fail
because Jakob Kroeger has already two other parents : [Rosalie Overdiek, Justus Kroeger]"
Catharina Kroeger,Jakob Kroeger,true,"Adding 'Catharina Kroeger' to parents list of 'Jakob Kroeger' should  fail
because Catharina Kroeger is in parental line of Jakob Kroeger"
Catharina Kroeger,Jakob Kroeger,true,"Adding 'Catharina Kroeger' to parents list of 'Jakob Kroeger' should  fail
because Jakob Kroeger has already two other parents : [Rosalie Overdiek, Justus Kroeger]"
Johan Buddenbrook,Juergen Kroeger,true,"Adding 'Johan Buddenbrook' to parents list of 'Juergen Kroeger' should  fail
because Juergen Kroeger has already two other parents : [Rosalie Overdiek, Justus Kroeger]"
Alien Alien,Juergen Kroeger,true,"Adding 'Alien Alien' to parents list of 'Juergen Kroeger' should  fail
because Juergen Kroeger has already two other parents : [Rosalie Overdiek, Justus Kroeger]"
Johann Buddenbrook,Juergen Kroeger,true,"Adding 'Johann Buddenbrook' to parents list of 'Juergen Kroeger' should  fail
because Juergen Kroeger has already two other parents : [Rosalie Overdiek, Justus Kroeger]"
Bernhard Buddenbrook,Juergen Kroeger,true,"Adding 'Bernhard Buddenbrook' to parents list of 'Juergen Kroeger' should  fail
because Juergen Kroeger has already two other parents : [Rosalie Overdiek, Justus Kroeger]"
Josephine Buddenbrook,Juergen Kroeger,true,"Adding 'Josephine Buddenbrook' to parents list of 'Juergen Kroeger' should  fail
because Juergen Kroeger has already two other parents : [Rosalie Overdiek, Justus Kroeger]"
Antoinette Duchamps,Juergen Kroeger,true,"Adding 'Antoinette Duchamps' to parents list of 'Juergen Kroeger' should  fail
because Juergen Kroeger has already two other parents : [Rosalie Overdiek, Justus Kroeger]"
Gotthold Buddenbrook,Juergen Kroeger,true,"Adding 'Gotthold Buddenbrook' to parents list of 'Juergen Kroeger' should  fail
because Juergen Kroeger has already two other parents : [Rosalie Overdiek, Justus Kroeger]"
Rosalie Stuewing,Juergen Kroeger,true,"Adding 'Rosalie Stuewing' to parents list of 'Juergen Kroeger' should  fail
because Juergen Kroeger has already two other parents : [Rosalie Overdiek, Justus Kroeger]"
Frederike Buddenbrook,Juergen Kroeger,true,"Adding 'Frederike Buddenbrook' to parents list of 'Juergen Kroeger' should  fail
because Juergen Kroeger has already two other parents : [Rosalie Overdiek, Justus Kroeger]"
Henriette Buddenbrook,Juergen Kroeger,true,"Adding 'Henriette Buddenbrook' to parents list of 'Juergen Kroeger' should  fail
because Juergen Kroeger has already two other parents : [Rosalie Overdiek, Justus Kroeger]"
Pfiffi Buddenbrook,Juergen Kroeger,true,"Adding 'Pfiffi Buddenbrook' to parents list of 'Juergen Kroeger' should  fail
because Juergen Kroeger has already two other parents : [Rosalie Overdiek, Justus Kroeger]"
Olly Buddenbrook,Juergen Kroeger,true,"Adding 'Olly Buddenbrook' to parents list of 'Juergen Kroeger' should  fail
because Juergen Kroeger has already two other parents : [Rosalie Overdiek, Justus Kroeger]"
Johann (Jean) Buddenbrook,Juergen Kroeger,true,"Adding 'Johann (Jean) Buddenbrook' to parents list of 'Juergen Kroeger' should  fail
because Juergen Kroeger has already two other parents : [Rosalie Overdiek, Justus Kroeger]"
Klothilde Buddenbrook,Juergen Kroeger,true,"Adding 'Klothilde Buddenbrook' to parents list of 'Juergen Kroeger' should  fail
because Klothilde Buddenbrook is younger than Juergen Kroeger"
Klothilde Buddenbrook,Juergen Kroeger,true,"Adding 'Klothilde Buddenbrook' to parents list of 'Juergen Kroeger' should  fail
because Juergen Kroeger has already two other parents : [Rosalie Overdiek, Justus Kroeger]"
Thomas Buddenbrook,Juergen Kroeger,true,"Adding 'Thomas Buddenbrook' to parents list of 'Juergen Kroeger' should  fail
because Juergen Kroeger has already two other parents : [Rosalie Overdiek, Justus Kroeger]"
Antonie (Tony) Buddenbrook,Juergen Kroeger,true,"Adding 'Antonie (Tony) Buddenbrook' to parents list of 'Juergen Kroeger' should  fail
because Antonie (Tony) Buddenbrook is younger than Juergen Kroeger"
Antonie (Tony) Buddenbrook,Juergen Kroeger,true,"Adding 'Antonie (Tony) Buddenbrook' to parents list of 'Juergen Kroeger' should  fail
because Juergen Kroeger has already two other parents : [Rosalie Overdiek, Justus Kroeger]"
Christian Buddenbrook,Juergen Kroeger,true,"Adding 'Christian Buddenbrook' to parents list of 'Juergen Kroeger' should  fail
because Christian Buddenbrook is younger than Juergen Kroeger"
Christian Buddenbrook,Juergen Kroeger,true,"Adding 'Christian Buddenbrook' to parents list of 'Juergen Kroeger' should  fail
because Juergen Kroeger has already two other parents : [Rosalie Overdiek, Justus Kroeger]"
Clara Buddenbrook,Juergen Kroeger,true,"Adding 'Clara Buddenbrook' to parents list of 'Juergen Kroeger' should  fail
because Clara Buddenbrook is younger than Juergen Kroeger"
Clara Buddenbrook,Juergen Kroeger,true,"Adding 'Clara Buddenbrook' to parents list of 'Juergen Kroeger' should  fail
because Juergen Kroeger has already two other parents : [Rosalie Overdiek, Justus Kroeger]"
Hanno Buddenbrook,Juergen Kroeger,true,"Adding 'Hanno Buddenbrook' to parents list of 'Juergen Kroeger' should  fail
because Hanno Buddenbrook is younger than Juergen Kroeger"
Hanno Buddenbrook,Juergen Kroeger,true,"Adding 'Hanno Buddenbrook' to parents list of 'Juergen Kroeger' should  fail
because Juergen Kroeger has already two other parents : [Rosalie Overdiek, Justus Kroeger]"
Erika Gruenlich,Juergen Kroeger,true,"Adding 'Erika Gruenlich' to parents list of 'Juergen Kroeger' should  fail
because Erika Gruenlich is younger than Juergen Kroeger"
Erika Gruenlich,Juergen Kroeger,true,"Adding 'Erika Gruenlich' to parents list of 'Juergen Kroeger' should  fail
because Juergen Kroeger has already two other parents : [Rosalie Overdiek, Justus Kroeger]"
Elisabeth Weinschenk,Juergen Kroeger,true,"Adding 'Elisabeth Weinschenk' to parents list of 'Juergen Kroeger' should  fail
because Juergen Kroeger has already two other parents : [Rosalie Overdiek, Justus Kroeger]"
Hugo Weinschenk,Juergen Kroeger,true,"Adding 'Hugo Weinschenk' to parents list of 'Juergen Kroeger' should  fail
because Juergen Kroeger has already two other parents : [Rosalie Overdiek, Justus Kroeger]"
Alois Permaneder,Juergen Kroeger,true,"Adding 'Alois Permaneder' to parents list of 'Juergen Kroeger' should  fail
because Juergen Kroeger has already two other parents : [Rosalie Overdiek, Justus Kroeger]"
Bendix Gruenlich,Juergen Kroeger,true,"Adding 'Bendix Gruenlich' to parents list of 'Juergen Kroeger' should  fail
because Juergen Kroeger has already two other parents : [Rosalie Overdiek, Justus Kroeger]"
Gisela Buddenbrook,Juergen Kroeger,true,"Adding 'Gisela Buddenbrook' to parents list of 'Juergen Kroeger' should  fail
because Gisela Buddenbrook is younger than Juergen Kroeger"
Gisela Buddenbrook,Juergen Kroeger,true,"Adding 'Gisela Buddenbrook' to parents list of 'Juergen Kroeger' should  fail
because Juergen Kroeger has already two other parents : [Rosalie Overdiek, Justus Kroeger]"
Aline Puvogel,Juergen Kroeger,true,"Adding 'Aline Puvogel' to parents list of 'Juergen Kroeger' should  fail
because Juergen Kroeger has already two other parents : [Rosalie Overdiek, Justus Kroeger]"
Gerda Arnoldsen,Juergen Kroeger,true,"Adding 'Gerda Arnoldsen' to parents list of 'Juergen Kroeger' should  fail
because Gerda Arnoldsen is younger than Juergen Kroeger"
Gerda Arnoldsen,Juergen Kroeger,true,"Adding 'Gerda Arnoldsen' to parents list of 'Juergen Kroeger' should  fail
because Juergen Kroeger has already two other parents : [Rosalie Overdiek, Justus Kroeger]"
Sievert Tiburtius,Juergen Kroeger,true,"Adding 'Sievert Tiburtius' to parents list of 'Juergen Kroeger' should  fail
because Sievert Tiburtius is younger than Juergen Kroeger"
Sievert Tiburtius,Juergen Kroeger,true,"Adding 'Sievert Tiburtius' to parents list of 'Juergen Kroeger' should  fail
because Juergen Kroeger has already two other parents : [Rosalie Overdiek, Justus Kroeger]"
Leberecht Kroeger,Juergen Kroeger,true,"Adding 'Leberecht Kroeger' to parents list of 'Juergen Kroeger' should  fail
because Leberecht Kroeger is younger than Juergen Kroeger"
Leberecht Kroeger,Juergen Kroeger,true,"Adding 'Leberecht Kroeger' to parents list of 'Juergen Kroeger' should  fail
because Leberecht Kroeger is in parental line of Juergen Kroeger"
Leberecht Kroeger,Juergen Kroeger,true,"Adding 'Leberecht Kroeger' to parents list of 'Juergen Kroeger' should  fail
because Juergen Kroeger has already two other parents : [Rosalie Overdiek, Justus Kroeger]"
Elisabeth (Bethsy) Kroeger,Juergen Kroeger,true,"Adding 'Elisabeth (Bethsy) Kroeger' to parents list of 'Juergen Kroeger' should  fail
because Juergen Kroeger has already two other parents : [Rosalie Overdiek, Justus Kroeger]"
Justus Kroeger,Juergen Kroeger,true,"Adding 'Justus Kroeger' to parents list of 'Juergen Kroeger' should  fail
because Justus Kroeger is already parent of Juergen Kroeger"
Justus Kroeger,Juergen Kroeger,true,"Adding 'Justus Kroeger' to parents list of 'Juergen Kroeger' should  fail
because Justus Kroeger is in parental line of Juergen Kroeger"
Justus Kroeger,Juergen Kroeger,true,"Adding 'Justus Kroeger' to parents list of 'Juergen Kroeger' should  fail
because Juergen Kroeger has already two other parents : [Rosalie Overdiek, Justus Kroeger]"
Jakob Kroeger,Juergen Kroeger,true,"Adding 'Jakob Kroeger' to parents list of 'Juergen Kroeger' should  fail
because Jakob Kroeger is already sibling of Juergen Kroeger"
Jakob Kroeger,Juergen Kroeger,true,"Adding 'Jakob Kroeger' to parents list of 'Juergen Kroeger' should  fail
because Jakob Kroeger is younger than Juergen Kroeger"
Jakob Kroeger,Juergen Kroeger,true,"Adding 'Jakob Kroeger' to parents list of 'Juergen Kroeger' should  fail
because Juergen Kroeger has already two other parents : [Rosalie Overdiek, Justus Kroeger]"
Juergen Kroeger,Juergen Kroeger,true,"Adding 'Juergen Kroeger' to parents list of 'Juergen Kroeger' should  fail
because Persons are equal."
Juergen Kroeger,Juergen Kroeger,true,"Adding 'Juergen Kroeger' to parents list of 'Juergen Kroeger' should  fail
because Juergen Kroeger is already sibling of Juergen Kroeger"
Juergen Kroeger,Juergen Kroeger,true,"Adding 'Juergen Kroeger' to parents list of 'Juergen Kroeger' should  fail
because Juergen Kroeger has already two other parents : [Rosalie Overdiek, Justus Kroeger]"
Rosalie Overdiek,Juergen Kroeger,true,"Adding 'Rosalie Overdiek' to parents list of 'Juergen Kroeger' should  fail
because Rosalie Overdiek is already parent of Juergen Kroeger"
Rosalie Overdiek,Juergen Kroeger,true,"Adding 'Rosalie Overdiek' to parents list of 'Juergen Kroeger' should  fail
because Rosalie Overdiek is in parental line of Juergen Kroeger"
Rosalie Overdiek,Juergen Kroeger,true,"Adding 'Rosalie Overdiek' to parents list of 'Juergen Kroeger' should  fail
because Juergen Kroeger has already two other parents : [Rosalie Overdiek, Justus Kroeger]"
Catharina Kroeger,Juergen Kroeger,true,"Adding 'Catharina Kroeger' to parents list of 'Juergen Kroeger' should  fail
because Catharina Kroeger is in parental line of Juergen Kroeger"
Catharina Kroeger,Juergen Kroeger,true,"Adding 'Catharina Kroeger' to parents list of 'Juergen Kroeger' should  fail
because Juergen Kroeger has already two other parents : [Rosalie Overdiek, Justus Kroeger]"
Alien Alien,Rosalie Overdiek,false,"Adding 'Alien Alien' to parents list of 'Rosalie Overdiek' should NOT fail
because Aspirant is alien"
Justus Kroeger,Rosalie Overdiek,true,"Adding 'Justus Kroeger' to parents list of 'Rosalie Overdiek' should  fail
because Justus Kroeger is already spouse of Rosalie Overdiek"
Jakob Kroeger,Rosalie Overdiek,true,"Adding 'Jakob Kroeger' to parents list of 'Rosalie Overdiek' should  fail
because Jakob Kroeger is already child of Rosalie Overdiek"
Jakob Kroeger,Rosalie Overdiek,true,"Adding 'Jakob Kroeger' to parents list of 'Rosalie Overdiek' should  fail
because Jakob Kroeger is in children's line of Rosalie Overdiek"
Juergen Kroeger,Rosalie Overdiek,true,"Adding 'Juergen Kroeger' to parents list of 'Rosalie Overdiek' should  fail
because Juergen Kroeger is already child of Rosalie Overdiek"
Juergen Kroeger,Rosalie Overdiek,true,"Adding 'Juergen Kroeger' to parents list of 'Rosalie Overdiek' should  fail
because Juergen Kroeger is in children's line of Rosalie Overdiek"
Rosalie Overdiek,Rosalie Overdiek,true,"Adding 'Rosalie Overdiek' to parents list of 'Rosalie Overdiek' should  fail
because Persons are equal."
Alien Alien,Catharina Kroeger,false,"Adding 'Alien Alien' to parents list of 'Catharina Kroeger' should NOT fail
because Aspirant is alien"
Leberecht Kroeger,Catharina Kroeger,true,"Adding 'Leberecht Kroeger' to parents list of 'Catharina Kroeger' should  fail
because Leberecht Kroeger is already spouse of Catharina Kroeger"
Elisabeth (Bethsy) Kroeger,Catharina Kroeger,true,"Adding 'Elisabeth (Bethsy) Kroeger' to parents list of 'Catharina Kroeger' should  fail
because Elisabeth (Bethsy) Kroeger is already child of Catharina Kroeger"
Elisabeth (Bethsy) Kroeger,Catharina Kroeger,true,"Adding 'Elisabeth (Bethsy) Kroeger' to parents list of 'Catharina Kroeger' should  fail
because Elisabeth (Bethsy) Kroeger is in children's line of Catharina Kroeger"
Justus Kroeger,Catharina Kroeger,true,"Adding 'Justus Kroeger' to parents list of 'Catharina Kroeger' should  fail
because Justus Kroeger is already child of Catharina Kroeger"
Justus Kroeger,Catharina Kroeger,true,"Adding 'Justus Kroeger' to parents list of 'Catharina Kroeger' should  fail
because Justus Kroeger is in children's line of Catharina Kroeger"
Jakob Kroeger,Catharina Kroeger,true,"Adding 'Jakob Kroeger' to parents list of 'Catharina Kroeger' should  fail
because Jakob Kroeger is in children's line of Catharina Kroeger"
Juergen Kroeger,Catharina Kroeger,true,"Adding 'Juergen Kroeger' to parents list of 'Catharina Kroeger' should  fail
because Juergen Kroeger is in children's line of Catharina Kroeger"
Catharina Kroeger,Catharina Kroeger,true,"Adding 'Catharina Kroeger' to parents list of 'Catharina Kroeger' should  fail
because Persons are equal."
